1640204.403485 1903536
1640205.039534 1741594
1640205.198080 1603681
1640205.200564 1485416
1640205.201836 1383164
1640205.202983 1294715
1640205.204278 1218576
1640205.205419 1153050
1640205.206699 1096971
1640205.207852 1049032
1640205.209131 1008339
1640205.210264 973841
1640205.293846 941644
1640205.295096 913582
1640205.296232 888882
1640205.297578 867462
1640205.298675 848540
1640205.300014 832185
1640205.383448 817730
1640205.384669 805054
1640205.385855 794008
1640205.387145 784290
1640205.388241 775787
1640205.389602 768368
1640205.474394 763227
1640205.475563 759868
1640205.476829 757016
1640205.478123 754629
1640205.479215 752343
1640205.480428 750459
1640205.481575 748594
1640205.570120 750700
1640205.571260 752518
1640205.572558 754135
1640205.573689 756642
1640205.574976 758867
1640205.576133 760887
1640205.577416 762718
1640205.578713 764481
1640205.667031 765787
1640205.668256 767013
1640205.669363 767896
1640205.670661 768834
1640205.671839 769544
1640205.673101 771366
1640205.674289 773058
1640205.675557 774522
1640205.676757 775707
1640205.765135 776802
1640205.766331 777719
1640205.767562 778660
1640205.768677 779301
1640205.769909 779915
1640205.771062 780348
1640205.772391 780861
1640205.773484 782370
1640205.774797 783776
1640205.776038 785041
1640205.866818 788557
1640205.868113 791732
1640205.869223 794391
1640205.870517 796895
1640205.871679 799017
1640205.872915 800957
1640205.874060 802474
1640205.875407 804053
1640205.876417 805128
1640205.877766 807388
1640205.878858 809246
1640205.972244 813474
1640205.973351 816981
1640205.974716 820305
1640205.975768 822972
1640205.977112 825490
1640205.978272 827619
1640205.979490 829557
1640205.980772 831163
1640205.981869 832679
1640205.983162 833944
1640205.984309 835108
1640205.985477 837260
1640206.078752 839070
1640206.080077 840872
1640206.081179 842182
1640206.082558 843660
1640206.083712 844756
1640206.084892 845736
1640206.086122 846607
1640206.087200 847156
1640206.088580 847926
1640206.089583 848314
1640206.090973 848891
1640206.092079 849335
1640206.185270 849644
1640206.186558 851165
1640206.187829 852480
1640206.188983 853684
1640206.190278 854642
1640206.191389 855452
1640206.192625 856213
1640206.193794 856822
1640206.195011 857494
1640206.196329 858020
1640206.197568 858719
1640206.198652 859020
1640206.199971 859498
1640206.295513 862268
1640206.296884 864764
1640206.297894 866688
1640206.299288 869732
1640206.300334 872320
1640206.301777 874729
1640206.302740 876673
1640206.304154 878569
1640206.305241 880147
1640206.306528 881601
1640206.307655 882681
1640206.308926 883653
1640206.310043 884541
1640206.311351 885307
1640206.409344 888425
1640206.410611 891062
1640206.411825 893577
1640206.413036 895590
1640206.414303 897568
1640206.415484 900450
1640206.416669 902739
1640206.417988 905114
1640206.418981 906765
1640206.420242 908391
1640206.421527 909802
1640206.422765 911152
1640206.424048 912339
1640206.425143 913360
1640206.426422 914217
1640206.524575 915132
1640206.525790 915876
1640206.526950 916473
1640206.528110 916938
1640206.529339 917309
1640206.530735 917858
1640206.531770 918184
1640206.532995 919670
1640206.534303 920989
1640206.535286 922081
1640206.536633 923174
1640206.537785 923994
1640206.538969 924657
1640206.540245 925223
1640206.541406 925788
1640206.542668 926270
1640206.640650 926522
1640206.641999 926870
1640206.643107 927120
1640206.644495 927570
1640206.645608 927855
1640206.646926 927982
1640206.647947 928120
1640206.649279 928327
1640206.650359 928292
1640206.651756 929619
1640206.652913 931001
1640206.654187 932125
1640206.655293 933051
1640206.656476 933893
1640206.657611 934470
1640206.658947 935169
1640206.660033 935600
1640206.761762 939732
1640206.762968 943204
1640206.764201 946367
1640206.765365 948911
1640206.766592 951253
1640206.767832 953216
1640206.769052 955133
1640206.770236 956667
1640206.771397 958091
1640206.772644 959183
1640206.773868 960201
1640206.775084 962279
1640206.776260 964026
1640206.777491 965680
1640206.778740 967195
1640206.779899 968544
1640206.781154 969658
1640206.782342 970723
1640206.883995 971595
1640206.885239 972395
1640206.886432 973050
1640206.887639 973672
1640206.888852 974202
1640206.890073 974648
1640206.891265 975010
1640206.892483 975360
1640206.893702 975708
1640206.894905 975986
1640206.896132 976231
1640206.897359 976458
1640206.898534 976651
1640206.899750 978016
1640206.900958 979210
1640206.902204 980252
1640206.903386 981188
1640206.904595 981960
1640206.905804 982656
1640207.008941 984728
1640207.010062 986444
1640207.011361 988051
1640207.012593 989484
1640207.013836 990768
1640207.014998 991831
1640207.016198 992770
1640207.017348 993524
1640207.018635 994252
1640207.019750 994800
1640207.020991 995293
1640207.022188 995695
1640207.023540 996222
1640207.024605 996533
1640207.025912 996901
1640207.027022 998319
1640207.028351 999661
1640207.029452 1000754
1640207.030669 1001718
1640207.031924 1002607
1640207.134991 1003288
1640207.136135 1003908
1640207.137359 1004376
1640207.138657 1004850
1640207.139864 1005231
1640207.140983 1005521
1640207.142302 1005897
1640207.143279 1006051
1640207.144705 1006324
1640207.145834 1006577
1640207.147005 1006689
1640207.148321 1006942
1640207.149471 1006954
1640207.150793 1007244
1640207.151849 1007239
1640207.153197 1007472
1640207.154279 1007423
1640207.155556 1008625
1640207.156714 1009770
1640207.157917 1010759
1640207.159137 1011589
1640207.265733 1015839
1640207.267012 1019706
1640207.268142 1022994
1640207.269431 1025848
1640207.270566 1028288
1640207.271882 1030608
1640207.272984 1032421
1640207.274303 1034360
1640207.275426 1035728
1640207.276680 1037065
1640207.277935 1038320
1640207.279009 1039181
1640207.280301 1040075
1640207.281364 1040588
1640207.282783 1041409
1640207.283828 1041826
1640207.285117 1042397
1640207.286252 1042755
1640207.287479 1043134
1640207.288655 1044612
1640207.289920 1046001
1640207.291130 1047204
1640207.397662 1048197
1640207.398808 1048934
1640207.400093 1049733
1640207.401224 1050275
1640207.402490 1050880
1640207.403648 1051251
1640207.404890 1051716
1640207.406104 1052017
1640207.407336 1052388
1640207.408542 1052666
1640207.409753 1052866
1640207.410914 1053124
1640207.412124 1053284
1640207.413436 1053657
1640207.414498 1053622
1640207.415740 1053794
1640207.417013 1053932
1640207.418240 1054144
1640207.419429 1054288
1640207.420615 1054428
1640207.421839 1054497
1640207.423112 1055785
1640207.424234 1056876
1640207.532276 1059360
1640207.533377 1061490
1640207.534670 1063345
1640207.535800 1064985
1640207.537118 1066472
1640207.538224 1067721
1640207.539719 1069066
1640207.540655 1069959
1640207.541830 1070690
1640207.543053 1071347
1640207.544353 1072004
1640207.545512 1072579
1640207.546733 1073093
1640207.547933 1073411
1640207.549208 1073928
1640207.550372 1074297
1640207.551509 1074485
1640207.552740 1074654
1640207.553971 1074843
1640207.555167 1075019
1640207.556379 1075157
1640207.557617 1075248
1640207.558751 1075327
1640207.560098 1076715
1640207.666706 1076525
1640207.667932 1076458
1640207.669026 1076222
1640207.670366 1076230
1640207.671445 1075983
1640207.672805 1076021
1640207.673905 1075669
1640207.675178 1075675
1640207.676264 1075614
1640207.677591 1075659
1640207.678878 1075688
1640207.679923 1075593
1640207.681265 1075623
1640207.682401 1075601
1640207.683678 1075583
1640207.684776 1075502
1640207.686085 1075607
1640207.687187 1075560
1640207.688373 1075464
1640207.689679 1075490
1640207.690867 1075493
1640207.692060 1075455
1640207.693282 1075512
1640207.694441 1075371
1640207.803611 1077804
1640207.804783 1081055
1640207.805927 1083875
1640207.807260 1086584
1640207.808347 1088695
1640207.809617 1090742
1640207.810831 1092382
1640207.812046 1093931
1640207.813166 1095136
1640207.814414 1096351
1640207.815570 1097241
1640207.816826 1097987
1640207.818093 1098867
1640207.819313 1099494
1640207.820404 1100014
1640207.821614 1100403
1640207.822850 1100889
1640207.824081 1101229
1640207.825261 1101621
1640207.826527 1102024
1640207.827716 1102262
1640207.828878 1102443
1640207.830097 1102632
1640207.831329 1102804
1640207.832507 1102980
1640207.942708 1104165
1640207.944050 1105371
1640207.945131 1106359
1640207.946560 1108621
1640207.947597 1110341
1640207.948886 1112050
1640207.950054 1113444
1640207.951342 1114735
1640207.952469 1115777
1640207.953806 1116905
1640207.954921 1117760
1640207.956216 1118646
1640207.957282 1119235
1640207.958597 1119798
1640207.959710 1120184
1640207.960994 1120716
1640207.962087 1121065
1640207.963329 1121375
1640207.964512 1121587
1640207.965762 1121854
1640207.966994 1122044
1640207.968212 1122248
1640207.969320 1122373
1640207.970513 1122454
1640207.971747 1122529
1640207.973071 1122742
1640208.083213 1122868
1640208.084518 1122934
1640208.085603 1122999
1640208.086977 1122996
1640208.088116 1123096
1640208.089344 1123126
1640208.090444 1123085
1640208.091777 1123094
1640208.092892 1123094
1640208.094170 1123035
1640208.095302 1123004
1640208.096525 1122899
1640208.097796 1123017
1640208.099001 1123009
1640208.100210 1123101
1640208.101364 1122955
1640208.102576 1123047
1640208.103775 1123084
1640208.105053 1123210
1640208.106294 1123311
1640208.107493 1123334
1640208.108640 1123305
1640208.109866 1123415
1640208.111058 1123511
1640208.112311 1123601
1640208.113510 1123566
1640208.199435 1099318
1640208.200661 1078016
1640208.201988 1059616
1640208.203105 1043198
1640208.204412 1029059
1640208.205538 1016596
1640208.206688 1005741
1640208.208097 997024
1640208.209228 987402
1640208.210487 977910
1640208.211594 968226
1640208.212844 958646
1640208.214088 949095
1640208.215250 939378
1640208.216434 929716
1640208.217608 920017
1640208.218944 910407
1640208.303710 899628
1640208.305031 884025
1640208.306238 871396
1640208.307442 861485
1640208.308677 853214
1640208.309733 846944
1640208.311047 841609
1640208.312294 837080
1640208.313416 832990
1640208.314748 829499
1640208.315802 826341
1640208.317125 823717
1640208.318261 821383
1640208.319583 819327
1640208.409262 822420
1640208.410288 824830
1640208.411533 826979
1640208.412761 828881
1640208.413998 830545
1640208.415197 832152
1640208.416386 833425
1640208.417614 834521
1640208.418736 835483
1640208.420138 836398
1640208.421213 837225
1640208.422369 837779
1640208.423605 838361
1640208.424786 838731
1640208.513281 837861
1640208.514444 837253
1640208.515692 837934
1640208.516857 838492
1640208.518081 838963
1640208.519368 839396
1640208.520459 839694
1640208.521836 840158
1640208.522995 840491
1640208.524260 840927
1640208.525313 840961
1640208.526646 841249
1640208.527787 841485
1640208.529092 841762
1640208.530204 841923
1640208.623202 846570
1640208.624382 850652
1640208.625582 854175
1640208.627070 857570
1640208.628301 861741
1640208.629271 865169
1640208.630442 868036
1640208.631718 870755
1640208.632877 872906
1640208.634128 874882
1640208.635523 876738
1640208.636530 878322
1640208.637759 879606
1640208.638988 880811
1640208.640261 881832
1640208.641553 882911
1640208.732336 881658
1640208.733504 880546
1640208.734729 879594
1640208.735991 878528
1640208.737125 877495
1640208.738341 876840
1640208.739677 877558
1640208.740747 878136
1640208.742275 878895
1640208.743103 879218
1640208.744396 879552
1640208.745812 879858
1640208.746794 880104
1640208.748037 880335
1640208.749231 880496
1640208.750444 880571
1640208.751699 880609
1640208.843608 881763
1640208.844795 882787
1640208.846094 883766
1640208.847281 884544
1640208.848422 885232
1640208.849692 885882
1640208.850925 886355
1640208.852105 886871
1640208.853352 888543
1640208.854509 889656
1640208.855783 891092
1640208.856966 892235
1640208.858181 893038
1640208.859362 893940
1640208.860602 894716
1640208.861811 895428
1640208.862974 895991
1640208.864309 896561
1640208.957550 898412
1640208.958677 899971
1640208.959900 901257
1640208.961173 902472
1640208.962478 903698
1640208.963760 904758
1640208.964740 905444
1640208.965922 906047
1640208.967203 906608
1640208.968339 907071
1640208.969678 908780
1640208.970779 910142
1640208.971997 911342
1640208.973265 912472
1640208.974429 913443
1640208.975646 914276
1640208.976825 914984
1640208.978069 915687
1640208.979240 916139
1640209.073730 917778
1640209.074953 919308
1640209.076202 920673
1640209.077332 921724
1640209.078622 922630
1640209.080999 924519
1640209.083405 926415
1640209.085938 928191
1640209.088271 929631
1640209.090708 932063
1640209.093235 934338
1640209.095550 936251
1640209.136174 976133
1640209.193633 973992
1640209.196210 972225
1640209.198492 970517
1640209.200911 969030
1640209.203269 967677
1640209.205723 966421
1640209.208289 965547
1640209.210632 964686
1640209.213170 963927
1640209.254186 1001985
1640209.312386 1052918
1640209.314897 1042512
1640209.317232 1033176
1640209.319749 1025248
1640209.322111 1018252
1640209.324558 1012238
1640209.326937 1006902
1640209.329254 1001985
1640209.331718 997804
1640209.334306 994192
1640209.416262 1031976
1640209.434871 1025433
1640209.437234 1019555
1640209.439626 1014462
1640209.442021 1009896
1640209.444442 1005964
1640209.446853 1002485
1640209.449402 999618
1640209.451824 997214
1640209.454245 995061
1640209.456666 993007
1640209.557072 1009654
1640209.559509 1008010
1640209.561956 1006636
1640209.564282 1005425
1640209.566729 1004419
1640209.569129 1003517
1640209.571557 1002745
1640209.574056 1002016
1640209.576483 1001383
1640209.578997 1000914
1640209.581325 1000419
1640209.683071 1001333
1640209.685541 1002165
1640209.687923 1002828
1640209.690289 1003447
1640209.692711 1003964
1640209.695190 1004495
1640209.697728 1005057
1640209.700159 1005487
1640209.702539 1005815
1640209.705018 1006076
1640209.707453 1006397
1640209.810867 1008353
1640209.813288 1010020
1640209.815662 1011462
1640209.818104 1012798
1640209.820532 1016326
1640209.822919 1019409
1640209.825606 1022345
1640209.827888 1024642
1640209.830283 1026578
1640209.832730 1028376
1640209.835076 1029752
1640209.876299 1069739
1640209.940432 1065551
1640209.943033 1062066
1640209.945283 1058892
1640209.947716 1056106
1640209.950216 1053741
1640209.952534 1051601
1640209.955114 1049623
1640209.957573 1048070
1640209.959871 1046618
1640209.962368 1045402
1640209.964749 1044365
1640210.062240 1099737
1640210.071241 1093046
1640210.073642 1086992
1640210.076062 1081865
1640210.078631 1077515
1640210.080877 1073448
1640210.083303 1072271
1640210.085752 1071396
1640210.088225 1070517
1640210.090745 1069812
1640210.093101 1069252
1640210.095538 1068678
1640210.136211 1106490
1640210.202122 1108029
1640210.204551 1102766
1640210.206854 1098069
1640210.209487 1094172
1640210.211735 1090443
1640210.214413 1087630
1640210.216632 1084958
1640210.219091 1082630
1640210.221395 1080411
1640210.223990 1078545
1640210.226322 1076898
1640210.267294 1113993
1640210.335438 1173932
1640210.337761 1162765
1640210.340277 1153091
1640210.342584 1144627
1640210.345058 1137056
1640210.347463 1130595
1640210.349988 1124782
1640210.352251 1119768
1640210.354818 1115490
1640210.357275 1111902
1640210.359768 1108654
1640210.361939 1105654
1640210.442195 1142306
1640210.473585 1137618
1640210.475969 1133581
1640210.478387 1129951
1640210.480799 1126884
1640210.483313 1124234
1640210.485688 1121886
1640210.488101 1119723
1640210.490500 1117968
1640210.492842 1116206
1640210.495356 1114719
1640210.497756 1113326
1640210.500200 1112385
1640210.611633 1142749
1640210.613994 1140214
1640210.616464 1138116
1640210.618886 1136280
1640210.621320 1134700
1640210.623812 1133302
1640210.626235 1132094
1640210.628569 1130971
1640210.630962 1130015
1640210.633465 1129358
1640210.635694 1128480
1640210.638245 1127868
1640210.640617 1127259
1640210.749678 1124358
1640210.751972 1121755
1640210.754542 1119581
1640210.756967 1117681
1640210.759389 1116009
1640210.761816 1114476
1640210.764611 1113515
1640210.766595 1112316
1640210.769084 1111360
1640210.771529 1110460
1640210.773932 1109850
1640210.776401 1109238
1640210.778799 1108726
1640210.886406 1106828
1640210.888861 1105324
1640210.891244 1103819
1640210.893885 1102725
1640210.896298 1101739
1640210.898663 1100834
1640210.901094 1099672
1640210.903429 1099001
1640210.905899 1098391
1640210.908369 1100273
1640210.910779 1101908
1640210.913229 1103384
1640210.915683 1104659
1640210.956285 1143951
1640211.011309 1125819
1640211.013695 1109887
1640211.016157 1096024
1640211.018445 1083538
1640211.020869 1072621
1640211.023460 1063298
1640211.025800 1055045
1640211.028246 1047937
1640211.030612 1041615
1640211.033173 1036174
1640211.035561 1031389
1640211.037979 1027170
1640211.040342 1023391
1640211.136158 1075301
1640211.138467 1067974
1640211.140769 1061482
1640211.143259 1055822
1640211.145782 1051117
1640211.148171 1046956
1640211.150569 1043117
1640211.153002 1039848
1640211.155387 1036944
1640211.157870 1034521
1640211.160287 1032216
1640211.162814 1030399
1640211.165182 1028759
1640211.167560 1027342
1640211.261880 1024604
1640211.264977 1023001
1640211.268406 1022722
1640211.269190 1020772
1640211.271642 1018997
1640211.274030 1017441
1640211.276432 1016083
1640211.278911 1014938
1640211.281664 1014294
1640211.285359 1014953
1640211.288657 1016407
1640211.289658 1016160
1640211.292115 1016025
1640211.294506 1015924
1640211.390088 1017113
1640211.392479 1017448
1640211.394922 1016755
1640211.397322 1017766
1640211.399746 1018602
1640211.402260 1019459
1640211.404653 1020206
1640211.407052 1020775
1640211.409433 1020902
1640211.411960 1019863
1640211.414275 1017961
1640211.416714 1017729
1640211.419170 1019914
1640211.421643 1021881
1640211.462171 1061739
1640211.520935 1059850
1640211.523318 1058188
1640211.525746 1056720
1640211.528217 1055507
1640211.530671 1054475
1640211.533196 1053583
1640211.535442 1052657
1640211.537897 1051902
1640211.540359 1051321
1640211.542805 1050733
1640211.545416 1050515
1640211.547622 1050089
1640211.550234 1049873
1640211.552414 1049390
1640211.650201 1106230
1640211.651717 1098697
1640211.654177 1092180
1640211.656659 1086533
1640211.659003 1081469
1640211.661424 1077002
1640211.663865 1073024
1640211.666265 1069681
1640211.668701 1066738
1640211.671168 1064171
1640211.673619 1061928
1640211.676031 1059764
1640211.678446 1058083
1640211.680879 1056426
1640211.683287 1057341
1640211.724234 1096900
1640211.783684 1093237
1640211.786136 1090953
1640211.788551 1088904
1640211.790947 1087027
1640211.793368 1085460
1640211.795822 1084127
1640211.798187 1082887
1640211.800661 1081872
1640211.803135 1081024
1640211.805496 1080156
1640211.807916 1079384
1640211.810342 1078698
1640211.812746 1078114
1640211.815243 1077662
1640211.856130 1115739
1640211.916924 1168934
1640211.919310 1158403
1640211.921857 1149282
1640211.924267 1141296
1640211.926637 1134279
1640211.929186 1128276
1640211.931476 1122859
1640211.933898 1118174
1640211.936275 1113978
1640211.938913 1110471
1640211.941181 1107313
1640211.943697 1104643
1640211.946131 1102314
1640211.948528 1100269
1640211.950870 1098322
1640212.031161 1136042
1640212.056242 1133338
1640212.058666 1131006
1640212.061103 1128856
1640212.063503 1126949
1640212.066032 1125455
1640212.068312 1123865
1640212.070740 1122627
1640212.073288 1121667
1640212.075577 1120741
1640212.081500 1123215
1640212.084495 1123590
1640212.086509 1123456
1640212.090623 1125078
1640212.194317 1147579
1640212.196743 1144591
1640212.199279 1142088
1640212.201642 1139825
1640212.204157 1137960
1640212.206475 1136115
1640212.208980 1134731
1640212.211663 1133776
1640212.214111 1132820
1640212.216603 1132204
1640212.218976 1128115
1640212.221406 1126931
1640212.223859 1125386
1640212.226256 1124441
1640212.228718 1121960
1640212.269213 1160256
1640212.332924 1153808
1640212.335133 1147943
1640212.337697 1145332
1640212.340179 1143013
1640212.342636 1141075
1640212.345021 1139240
1640212.347385 1137672
1640212.349839 1136226
1640212.352208 1134670
1640212.354603 1133257
1640212.357251 1132170
1640212.359543 1131119
1640212.361916 1130165
1640212.364383 1129343
1640212.366810 1128651
1640212.400614 1159394
1640212.462408 1143915
1640212.464965 1130720
1640212.467226 1118867
1640212.469646 1108450
1640212.472036 1099253
1640212.474537 1091317
1640212.476927 1084388
1640212.479317 1078284
1640212.481791 1073049
1640212.484225 1068505
1640212.486757 1064377
1640212.488994 1060747
1640212.491456 1057640
1640212.493852 1054866
1640212.496395 1052556
1640212.528943 1049273
1640212.591939 1047620
1640212.594314 1045975
1640212.596768 1044727
1640212.599175 1045972
1640212.601624 1047048
1640212.604072 1048134
1640212.606526 1049046
1640212.608857 1049784
1640212.611358 1050536
1640212.613781 1051134
1640212.616196 1051664
1640212.618548 1051945
1640212.620991 1052382
1640212.623421 1052727
1640212.625881 1053108
1640212.659773 1084801
1640212.706227 1126420
1640212.723884 1117542
1640212.726363 1109877
1640212.728758 1103111
1640212.731171 1097193
1640212.733571 1091967
1640212.736055 1087430
1640212.738428 1083369
1640212.740881 1079938
1640212.743350 1076901
1640212.745644 1074114
1640212.748122 1071754
1640212.750549 1069754
1640212.752930 1067942
1640212.755317 1066311
1640212.757779 1064879
1640212.792995 1064963
1640212.857197 1082787
1640212.859740 1083249
1640212.862180 1083614
1640212.864746 1084105
1640212.867248 1084632
1640212.869655 1085098
1640212.872080 1085470
1640212.874425 1085759
1640212.876887 1086031
1640212.879366 1086277
1640212.881717 1086550
1640212.884160 1086754
1640212.886632 1086977
1640212.889078 1087235
1640212.891460 1087458
1640212.893820 1087551
1640212.927814 1086401
1640212.990743 1084123
1640212.993280 1082123
1640212.995615 1080243
1640212.998008 1078437
1640213.000426 1076773
1640213.002837 1075319
1640213.005250 1074045
1640213.007838 1073179
1640213.010223 1072338
1640213.012636 1071534
1640213.015081 1070926
1640213.017483 1070359
1640213.019888 1069792
1640213.022275 1069227
1640213.024797 1068878
1640213.028330 1069749
1640213.064769 1072952
1640213.127713 1075769
1640213.130187 1078171
1640213.132474 1080224
1640213.134855 1082008
1640213.137384 1083682
1640213.139764 1085109
1640213.142237 1088776
1640213.144724 1092084
1640213.147121 1094782
1640213.149560 1097193
1640213.151994 1099344
1640213.154408 1101175
1640213.156811 1102778
1640213.159233 1104199
1640213.161657 1105483
1640213.165187 1107609
1640213.201592 1142352
1640213.249236 1183962
1640213.265663 1173876
1640213.268204 1165115
1640213.270480 1157439
1640213.272952 1150815
1640213.275287 1144839
1640213.277719 1139649
1640213.280201 1135114
1640213.282696 1131152
1640213.285129 1127723
1640213.287506 1124657
1640213.290007 1122042
1640213.292475 1119806
1640213.294900 1117877
1640213.297331 1116196
1640213.299773 1114744
1640213.303229 1113418
1640213.342026 1114642
1640213.403713 1129765
1640213.406128 1128948
1640213.408568 1128129
1640213.411196 1127762
1640213.413440 1127217
1640213.415809 1126771
1640213.418373 1126515
1640213.420663 1126103
1640213.423146 1125758
1640213.425652 1125526
1640213.428029 1125324
1640213.430409 1125026
1640213.432827 1124714
1640213.435320 1124508
1640213.437592 1124167
1640213.440111 1123948
1640213.443685 1123878
1640213.482412 1123749
1640213.540494 1120032
1640213.542978 1116846
1640213.545324 1113966
1640213.547771 1111270
1640213.550205 1109093
1640213.552620 1107244
1640213.555149 1105589
1640213.557418 1104114
1640213.559917 1102838
1640213.562276 1101577
1640213.564739 1100559
1640213.567199 1099749
1640213.569586 1099008
1640213.572042 1098320
1640213.574421 1097829
1640213.576905 1097360
1640213.580602 1097075
1640213.608460 1085963
1640213.642305 1052009
1640213.644730 1022240
1640213.647131 996249
1640213.649558 973488
1640213.652150 953732
1640213.654369 936239
1640213.656848 920892
1640213.659298 907642
1640213.661862 896099
1640213.664162 888269
1640213.666647 881574
1640213.669066 875626
1640213.671527 870461
1640213.673955 865967
1640213.676416 862040
1640213.678766 858599
1640213.683697 858000
1640213.710150 880235
1640213.745277 906937
1640213.747654 898866
1640213.750115 891844
1640213.752506 885684
1640213.754964 880328
1640213.757367 875441
1640213.759786 871376
1640213.762270 867813
1640213.764822 864793
1640213.767143 861915
1640213.769616 859565
1640213.772062 857438
1640213.774430 855572
1640213.776941 853971
1640213.779287 852470
1640213.781754 851187
1640213.786645 852582
1640213.813091 875342
1640213.849347 905035
1640213.851803 898370
1640213.854275 892638
1640213.856637 887475
1640213.859383 883353
1640213.861496 879389
1640213.863934 875954
1640213.866346 872957
1640213.868764 870253
1640213.871378 867950
1640213.873705 865928
1640213.876283 864264
1640213.878480 862619
1640213.880961 861292
1640213.883312 859971
1640213.885800 858944
1640213.888256 858036
1640213.893098 857188
1640213.920838 857749
1640213.958358 859522
1640213.960781 861025
1640213.963224 862312
1640213.965620 863469
1640213.968059 864126
1640213.970481 865064
1640213.972920 865894
1640213.975342 866620
1640213.977809 867311
1640213.980232 867706
1640213.982649 868153
1640213.985082 868400
1640213.987521 868859
1640213.989904 869167
1640213.992340 869518
1640213.994752 869752
1640213.997202 869947
1640214.002023 870097
1640214.028757 869230
1640214.066364 868561
1640214.068647 867835
1640214.071111 867222
1640214.073758 866935
1640214.076082 866571
1640214.078538 866285
1640214.080979 866039
1640214.083401 865822
1640214.085800 865564
1640214.088197 865311
1640214.090674 865151
1640214.093084 864988
1640214.095475 864794
1640214.097881 866982
1640214.100274 868944
1640214.103887 871836
1640214.107674 875745
1640214.112400 881440
1640214.139117 908311
1640214.176540 942445
1640214.178957 937166
1640214.181402 932709
1640214.183880 928802
1640214.186327 925189
1640214.188593 921983
1640214.191032 919165
1640214.193539 916760
1640214.196109 914778
1640214.198499 913055
1640214.200847 911494
1640214.203301 910102
1640214.205693 908869
1640214.208120 907834
1640214.210493 906897
1640214.214102 907290
1640214.216648 906561
1640214.221339 906768
1640214.248094 929039
1640214.288039 961763
1640214.290528 955458
1640214.292891 949870
1640214.295197 944851
1640214.297600 940399
1640214.300079 936540
1640214.302646 933442
1640214.305056 930711
1640214.307469 928230
1640214.309877 925870
1640214.312249 923788
1640214.314740 922131
1640214.317146 920564
1640214.319540 919273
1640214.321876 918053
1640214.324323 917047
1640214.329268 917536
1640214.331709 917862
1640214.336556 918302
1640214.363043 918418
1640214.402966 918504
1640214.405428 918551
1640214.407978 918786
1640214.410360 919066
1640214.412829 919377
1640214.415152 919492
1640214.417600 919460
1640214.420056 919491
1640214.422457 919504
1640214.424877 919532
1640214.427304 919608
1640214.429806 919683
1640214.432156 919695
1640214.434549 919707
1640214.437001 919834
1640214.439508 920014
1640214.444239 919939
1640214.446683 919877
1640214.451554 919844
1640214.478122 919900
1640214.516946 918860
1640214.519379 917914
1640214.521844 917005
1640214.524125 916108
1640214.526487 915217
1640214.529069 914700
1640214.531495 914222
1640214.533934 913785
1640214.536391 913456
1640214.538802 913171
1640214.541263 912948
1640214.543679 912658
1640214.545983 912362
1640214.548486 912212
1640214.550922 912065
1640214.554413 912921
1640214.559284 913798
1640214.561694 916904
1640214.567877 923415
1640214.594505 950855
1640214.634366 988173
1640214.636882 984524
1640214.639199 981141
1640214.641566 978151
1640214.644103 975789
1640214.646573 973823
1640214.649030 971976
1640214.651264 970175
1640214.653823 968685
1640214.656195 967318
1640214.658688 966207
1640214.661030 965143
1640214.663616 964329
1640214.665860 963573
1640214.668280 962838
1640214.670725 962193
1640214.676706 964116
1640214.679186 963363
1640214.684094 965270
1640214.710572 987234
1640214.751725 1020984
1640214.754182 1013108
1640214.756584 1006115
1640214.759045 1000134
1640214.761402 994897
1640214.763854 990225
1640214.766275 986062
1640214.768700 982415
1640214.771235 979501
1640214.773772 976945
1640214.776206 974771
1640214.778562 972731
1640214.780948 970992
1640214.783507 969412
1640214.785836 968150
1640214.788225 966998
1640214.795591 970931
1640214.797889 970691
1640214.802843 972944
1640214.805203 972172
1640214.832965 973017
1640214.875382 975021
1640214.877854 976789
1640214.880247 978326
1640214.882722 979686
1640214.885232 981027
1640214.887569 982086
1640214.889892 982916
1640214.892496 983820
1640214.894941 984509
1640214.897347 984990
1640214.899735 985365
1640214.902180 985773
1640214.904563 986136
1640214.906986 986317
1640214.909437 986600
1640214.911874 986886
1640214.919119 987014
1640214.921551 987268
1640214.926219 987196
1640214.928738 987290
1640214.955314 986185
1640214.996633 984113
1640214.999053 982264
1640215.001424 980624
1640215.003725 979016
1640215.006290 977658
1640215.008667 976512
1640215.011102 975627
1640215.013437 974576
1640215.015956 973731
1640215.018441 973068
1640215.020802 972468
1640215.023294 971987
1640215.025701 971583
1640215.028115 971221
1640215.030496 970831
1640215.034051 971600
1640215.041366 972352
1640215.043959 973168
1640215.048562 973821
1640215.050945 974249
1640215.078847 975957
1640215.120269 1018794
1640215.122537 1017311
1640215.124981 1016036
1640215.127429 1014997
1640215.129644 1014005
1640215.132181 1013102
1640215.134652 1012405
1640215.137083 1011792
1640215.139364 1011197
1640215.141824 1010621
1640215.144346 1010152
1640215.146779 1009811
1640215.149144 1009388
1640215.151575 1009045
1640215.154011 1008770
1640215.156463 1008613
1640215.158963 1007409
1640215.167234 1007319
1640215.169648 1007037
1640215.174521 1007079
1640215.176935 1007149
1640215.203735 1006101
1640215.247359 1007379
1640215.249654 1008503
1640215.252104 1009488
1640215.254688 1010481
1640215.257042 1011514
1640215.259494 1012333
1640215.261877 1012965
1640215.264253 1013443
1640215.266697 1014013
1640215.269167 1014542
1640215.271598 1014916
1640215.273990 1015192
1640215.276394 1015451
1640215.278844 1015712
1640215.281249 1015906
1640215.283799 1016177
1640215.293384 1023502
1640215.295796 1024066
1640215.300654 1026997
1640215.303063 1027078
1640215.330832 1052526
1640215.374210 1091334
1640215.376768 1084277
1640215.379248 1080420
1640215.381739 1077385
1640215.384100 1074616
1640215.386571 1072057
1640215.388926 1069853
1640215.391381 1067932
1640215.393708 1066176
1640215.396205 1064786
1640215.398724 1063603
1640215.401073 1062477
1640215.403558 1061499
1640215.405989 1060703
1640215.408479 1060094
1640215.410682 1059338
1640215.413244 1058803
1640215.422960 1065521
1640215.425448 1064312
1640215.430248 1065605
1640215.432689 1064342
1640215.459289 1087428
1640215.502232 1122834
1640215.503907 1112150
1640215.506440 1102738
1640215.508787 1094368
1640215.511195 1086955
1640215.513638 1080555
1640215.516177 1075022
1640215.518537 1070192
1640215.521065 1066014
1640215.523358 1062345
1640215.525787 1059042
1640215.528210 1056082
1640215.530532 1053464
1640215.533034 1051190
1640215.535435 1049125
1640215.537890 1047280
1640215.541700 1047320
1640215.551339 1054434
1640215.553690 1053243
1640215.558389 1054429
1640215.560989 1053260
1640215.587596 1076446
1640215.630180 1112705
1640215.634654 1106004
1640215.637121 1100910
1640215.639511 1096305
1640215.641907 1092362
1640215.644643 1089238
1640215.647092 1086514
1640215.649576 1084071
1640215.651915 1081917
1640215.654297 1079883
1640215.656835 1078349
1640215.659240 1076971
1640215.661586 1075702
1640215.664111 1074799
1640215.666509 1073900
1640215.668869 1073060
1640215.671329 1072333
1640215.673710 1070282
1640215.684586 1069716
1640215.687030 1069308
1640215.691832 1069068
1640215.694252 1068613
1640215.720901 1068269
1640215.766987 1071526
1640215.769383 1072271
1640215.771808 1072866
1640215.774259 1073397
1640215.776796 1074065
1640215.779142 1074246
1640215.781548 1074372
1640215.783996 1074447
1640215.786329 1074498
1640215.788844 1074695
1640215.791311 1074784
1640215.793772 1074916
1640215.796474 1075401
1640215.798526 1075353
1640215.800966 1075353
1640215.803392 1075419
1640215.807010 1076633
1640215.816910 1085216
1640215.819168 1084097
1640215.823967 1085486
1640215.826419 1084355
1640215.853070 1107588
1640215.896268 1144475
1640215.903878 1138284
1640215.906494 1133068
1640215.908779 1128364
1640215.911199 1124212
1640215.913584 1122905
1640215.916026 1121725
1640215.918390 1120689
1640215.921063 1120048
1640215.923360 1119227
1640215.925745 1118678
1640215.928251 1118186
1640215.930640 1117664
1640215.933039 1117156
1640215.935456 1116415
1640215.937845 1116089
1640215.940304 1115831
1640215.942687 1115499
1640215.952470 1121456
1640215.954939 1119231
1640215.959686 1119777
1640215.962104 1117850
1640215.988690 1140338
1640216.031370 1176006
1640216.039895 1172587
1640216.042285 1164362
1640216.044727 1156984
1640216.047164 1150669
1640216.049672 1145257
1640216.051982 1140439
1640216.054558 1136356
1640216.056867 1132726
1640216.059328 1129316
1640216.061688 1126396
1640216.064161 1123951
1640216.066441 1121575
1640216.068997 1119667
1640216.071392 1117974
1640216.073829 1116550
1640216.077394 1116461
1640216.079824 1116354
1640216.089481 1123548
1640216.091996 1122560
1640216.096855 1124094
1640216.099241 1123074
1640216.125873 1146398
1640216.167048 1181400
1640216.179159 1172949
1640216.181522 1165526
1640216.183993 1159063
1640216.186550 1153535
1640216.188828 1148463
1640216.191228 1146368
1640216.193692 1144724
1640216.196211 1143218
1640216.198623 1142011
1640216.201006 1140883
1640216.203454 1139986
1640216.205876 1139147
1640216.208298 1138556
1640216.210719 1137899
1640216.213147 1137329
1640216.215565 1136837
1640216.219131 1136403
1640216.228791 1143262
1640216.231225 1142043
1640216.236047 1143270
1640216.238519 1141957
1640216.265072 1164975
1640216.308329 1201758
1640216.310479 1194927
1640216.321382 1187745
1640216.323719 1181434
1640216.326149 1175871
1640216.328649 1170945
1640216.330982 1166691
1640216.333523 1163110
1640216.335824 1159814
1640216.338303 1156896
1640216.340752 1154372
1640216.343180 1152216
1640216.345610 1150311
1640216.347943 1148557
1640216.350517 1147172
1640216.352920 1145943
1640216.355349 1144869
1640216.357777 1143938
1640216.361430 1143213
1640216.370945 1142436
1640216.373538 1141914
1640216.378391 1141496
1640216.380735 1140998
1640216.446055 1179338
1640216.447236 1168645
1640216.448472 1160459
1640216.459408 1153381
1640216.460537 1148286
1640216.461833 1142826
1640216.463042 1139228
1640216.464229 1134880
1640216.465370 1132190
1640216.466585 1128551
1640216.467850 1126606
1640216.469056 1123819
1640216.470268 1122556
1640216.471434 1120106
1640216.472676 1119176
1640216.473946 1119613
1640216.475150 1118932
1640216.476431 1119590
1640216.477661 1118970
1640216.478735 1119474
1640216.479922 1118685
1640216.481164 1119212
1640216.482390 1118490
1640216.483581 1119023
1640216.484815 1118322
1640216.486077 1118926
1640216.487408 1118496
1640216.488531 1119197
1640216.489711 1118459
1640216.490831 1118906
1640216.492122 1118207
1640216.493296 1118739
1640216.494496 1118011
1640216.495674 1118500
1640216.496912 1117795
1640216.498333 1118565
1640216.499324 1116610
1640216.500555 1116089
1640216.509044 1114643
1640216.510279 1114577
1640216.511448 1113131
1640216.512641 1113030
1640216.516310 1111792
1640216.517496 1111870
1640216.518673 1110797
1640216.519943 1111105
1640216.563509 1089647
1640216.564757 1072095
1640216.566014 1056826
1640216.567160 1043723
1640216.574522 1027215
1640216.575647 1011391
1640216.576864 996439
1640216.578297 982299
1640216.579299 968520
1640216.580452 955195
1640216.581663 942284
1640216.582879 929694
1640216.584089 917626
1640216.585414 905907
1640216.586578 894392
1640216.587754 882883
1640216.588968 871743
1640216.643499 838948
1640216.646012 812644
1640216.648479 791844
1640216.650715 775784
1640216.653161 764073
1640216.655630 756207
1640216.665344 752462
1640216.667896 750620
1640216.670072 748532
1640216.672588 747070
1640216.674945 745722
1640216.677434 744495
1640216.679818 743462
1640216.735619 742605
1640216.738040 741751
1640216.740472 740869
1640216.742875 740352
1640216.745349 739907
1640216.754895 746614
1640216.757467 745336
1640216.759800 744010
1640216.762456 743292
1640216.764671 742410
1640216.767224 741826
1640216.769443 741020
1640216.810228 778741
1640216.828790 774535
1640216.831314 770956
1640216.833679 767751
1640216.836235 765114
1640216.838528 762627
1640216.848217 760600
1640216.850708 758737
1640216.853059 757126
1640216.855564 755562
1640216.857869 754281
1640216.860334 753068
1640216.862840 752298
1640216.905103 753105
1640216.925690 755840
1640216.928348 758361
1640216.930570 760436
1640216.932994 762112
1640216.935496 763788
1640216.945130 765205
1640216.947642 766438
1640216.950043 767572
1640216.952517 768529
1640216.954922 769468
1640216.957369 770276
1640216.959683 770798
1640217.000942 770243
1640217.020556 768792
1640217.022599 766908
1640217.025131 765569
1640217.027477 764320
1640217.029880 763127
1640217.039558 762127
1640217.041996 761179
1640217.044646 760593
1640217.046942 759904
1640217.049347 759303
1640217.051913 758894
1640217.054069 758385
1640217.096486 759104
1640217.116006 759603
1640217.118306 762281
1640217.120740 765071
1640217.123393 767630
1640217.125704 769833
1640217.136732 780373
1640217.138909 782106
1640217.141337 783604
1640217.143891 784760
1640217.146129 785778
1640217.148850 787003
1640217.151197 787825
1640217.192229 827442
1640217.195805 823299
1640217.215379 819731
1640217.217761 816688
1640217.220019 813844
1640217.222446 811097
1640217.224941 808904
1640217.236976 807975
1640217.239391 807424
1640217.241918 807043
1640217.244360 806595
1640217.246801 806407
1640217.249207 805864
1640217.251660 805550
1640217.296371 808963
1640217.315918 827876
1640217.318382 827248
1640217.320678 826660
1640217.323102 826375
1640217.325418 826013
1640217.328187 825969
1640217.341255 826968
1640217.343639 827790
1640217.346064 828424
1640217.348712 829178
1640217.350947 829633
1640217.353300 829980
1640217.355918 830456
1640217.399391 829631
1640217.418813 828779
1640217.421331 828085
1640217.423540 827394
1640217.426043 826866
1640217.428351 826400
1640217.430759 825627
1640217.442987 824116
1640217.445353 822773
1640217.447806 821627
1640217.450276 820423
1640217.452651 819532
1640217.455088 818837
1640217.457677 818198
1640217.502240 818713
1640217.521778 819293
1640217.524194 819686
1640217.526537 820182
1640217.528949 820520
1640217.531488 823288
1640217.534068 826001
1640217.545973 837898
1640217.548431 838512
1640217.550883 839153
1640217.553271 839665
1640217.555711 840080
1640217.558095 840423
1640217.560535 840753
1640217.601267 879142
1640217.608925 875891
1640217.628227 872810
1640217.630763 870231
1640217.633228 868101
1640217.635682 866277
1640217.637997 864459
1640217.640438 862725
1640217.652503 861373
1640217.655011 860239
1640217.657404 859191
1640217.660155 858631
1640217.662243 857792
1640217.664683 857109
1640217.667089 856478
1640217.716865 864979
1640217.736003 883783
1640217.738558 883575
1640217.740842 883124
1640217.743309 882738
1640217.745724 882359
1640217.748229 882209
1640217.750688 882143
1640217.762773 882112
1640217.765182 881987
1640217.767717 882016
1640217.770265 881839
1640217.772386 881722
1640217.774792 881584
1640217.777308 881570
1640217.826882 881350
1640217.846333 881474
1640217.848667 881355
1640217.851102 881406
1640217.853524 881404
1640217.855905 881372
1640217.858355 881283
1640217.860748 881148
1640217.872896 881095
1640217.875295 881040
1640217.877759 880915
1640217.880168 880671
1640217.882657 880831
1640217.884923 880829
1640217.887371 880756
1640217.935819 879557
1640217.956360 879599
1640217.958922 879865
1640217.961271 880013
1640217.963696 880147
1640217.966132 880320
1640217.968461 880347
1640217.970913 880435
1640217.983131 892680
1640217.985506 893651
1640217.987904 894508
1640217.990294 895176
1640217.992782 895850
1640217.995222 896391
1640217.997607 896973
1640218.038388 935807
1640218.048446 931434
1640218.070222 928846
1640218.072643 926439
1640218.075115 924455
1640218.077465 922646
1640218.080045 921188
1640218.082326 919887
1640218.084744 918715
1640218.096878 917597
1640218.099251 916618
1640218.101820 915931
1640218.104139 915259
1640218.106757 914801
1640218.108965 914169
1640218.111346 913611
1640218.162409 923409
1640218.185360 944854
1640218.187921 944410
1640218.190330 944009
1640218.192819 943671
1640218.195174 943384
1640218.197620 942991
1640218.200222 942975
1640218.212216 952538
1640218.214494 951045
1640218.216974 949869
1640218.219404 948701
1640218.221774 947724
1640218.224226 946701
1640218.226558 945930
1640218.228964 945281
1640218.281013 945682
1640218.302802 944867
1640218.305266 944065
1640218.307760 943445
1640218.310048 942699
1640218.312440 942087
1640218.314898 941564
1640218.317299 940900
1640218.329511 940537
1640218.331811 940253
1640218.334245 939962
1640218.336674 939684
1640218.339091 939511
1640218.341523 939335
1640218.343973 939301
1640218.346401 939291
1640218.397357 938186
1640218.663787 995249
1640218.666404 993280
1640218.668662 991300
1640218.671064 989536
1640218.673602 988252
1640218.688168 999137
1640218.690536 996519
1640218.693021 994360
1640218.695374 992390
1640218.697778 990652
1640218.700210 989230
1640218.702638 987982
1640218.704990 986659
1640218.707388 985533
1640218.760825 985956
1640218.783703 987242
1640218.786260 988684
1640218.788720 990005
1640218.790958 990774
1640218.793391 991625
1640218.796000 992577
1640218.798356 993230
1640218.812822 993700
1640218.815504 994426
1640218.817739 994812
1640218.820163 995221
1640218.822707 995720
1640218.824861 995877
1640218.827301 996029
1640218.829741 996247
1640218.832251 996533
1640218.884266 995376
1640218.908423 995646
1640218.910883 995787
1640218.913319 995884
1640218.915809 996219
1640218.918141 996414
1640218.920563 996397
1640218.922944 996406
1640218.937551 996559
1640218.940019 996476
1640218.942360 996510
1640218.944776 996530
1640218.947197 996424
1640218.949619 996595
1640218.952034 999111
1640218.954462 1001326
1640218.957116 1003479
1640218.997261 1042997
1640219.010287 1038611
1640219.035621 1035956
1640219.037973 1033521
1640219.040394 1031377
1640219.042831 1029447
1640219.045295 1027893
1640219.047721 1026535
1640219.050207 1025455
1640219.064770 1024469
1640219.067219 1023586
1640219.069658 1022908
1640219.071956 1022197
1640219.074373 1021572
1640219.076800 1021030
1640219.079359 1020700
1640219.081787 1020411
1640219.084150 1019865
1640219.138523 1033625
1640219.162770 1056858
1640219.165291 1054374
1640219.167741 1052299
1640219.170051 1050343
1640219.172475 1048641
1640219.174878 1047073
1640219.177275 1045670
1640219.191895 1056586
1640219.194281 1053965
1640219.196740 1051684
1640219.199169 1049674
1640219.201583 1048031
1640219.204007 1046597
1640219.206414 1045308
1640219.208775 1043963
1640219.211156 1042803
1640219.213663 1041932
1640219.269374 1042509
1640219.293642 1043037
1640219.296024 1043357
1640219.298491 1043655
1640219.300870 1043984
1640219.303378 1044355
1640219.305844 1044754
1640219.308195 1045047
1640219.323886 1046378
1640219.326311 1047579
1640219.328696 1048557
1640219.331160 1049448
1640219.333625 1050279
1640219.336062 1051019
1640219.338324 1051519
1640219.340777 1052049
1640219.343296 1052651
1640219.345720 1053109
1640219.400114 1052176
1640219.424325 1051305
1640219.426755 1050591
1640219.429201 1049939
1640219.431626 1049423
1640219.434027 1048863
1640219.436500 1048381
1640219.438858 1047967
1640219.455941 1049000
1640219.458339 1049876
1640219.460704 1050621
1640219.463187 1051293
1640219.465611 1051841
1640219.468003 1052271
1640219.470396 1052785
1640219.472847 1053232
1640219.475392 1053644
1640219.477815 1056368
1640219.518261 1096816
1640219.533506 1093082
1640219.557791 1089891
1640219.560181 1087057
1640219.562545 1084496
1640219.565026 1082309
1640219.567422 1080378
1640219.569825 1078632
1640219.572260 1077184
1640219.590314 1076874
1640219.592743 1076633
1640219.595196 1076509
1640219.597559 1076292
1640219.599997 1076104
1640219.602387 1075910
1640219.604990 1075986
1640219.607387 1075997
1640219.609792 1075852
1640219.612278 1075801
1640219.669073 1092115
1640219.693447 1115476
1640219.695860 1114051
1640219.698260 1112815
1640219.700720 1111837
1640219.703052 1110823
1640219.705568 1110022
1640219.707858 1109232
1640219.724868 1123118
1640219.727248 1119602
1640219.729724 1116552
1640219.732091 1113820
1640219.734627 1111588
1640219.737014 1109599
1640219.739473 1107943
1640219.741776 1106173
1640219.744220 1104638
1640219.746701 1103404
1640219.749148 1102290
1640219.807088 1102481
1640219.831311 1102500
1640219.833730 1102523
1640219.836180 1102595
1640219.838569 1102586
1640219.840999 1102677
1640219.843469 1102712
1640219.845851 1102834
1640219.864004 1104085
1640219.866436 1105232
1640219.868841 1106170
1640219.871315 1107092
1640219.873817 1107863
1640219.876227 1108562
1640219.878589 1109074
1640219.881010 1109643
1640219.883496 1110183
1640219.885911 1110590
1640219.888305 1110892
1640219.945240 1110158
1640219.969549 1109602
1640219.971820 1108967
1640219.974309 1108452
1640219.976698 1108003
1640219.979132 1107612
1640219.981565 1107232
1640219.983941 1106900
1640220.003435 1107948
1640220.005748 1108744
1640220.008250 1109538
1640220.010621 1110133
1640220.013039 1110555
1640220.015424 1110901
1640220.017834 1111251
1640220.020267 1111569
1640220.022791 1111884
1640220.025219 1112175
1640220.027691 1112508
1640220.084560 1112724
1640220.107603 1135906
1640220.109889 1134196
1640220.112475 1133022
1640220.114735 1131762
1640220.117196 1130730
1640220.119586 1129783
1640220.121974 1128910
1640220.141426 1145205
1640220.143905 1142467
1640220.146290 1140149
1640220.148720 1138047
1640220.151161 1136243
1640220.153551 1134646
1640220.155985 1133327
1640220.158455 1132198
1640220.160824 1131172
1640220.163363 1130293
1640220.165692 1129421
1640220.206210 1166702
1640220.225048 1161325
1640220.244504 1153030
1640220.246859 1145843
1640220.249340 1139459
1640220.251743 1134006
1640220.254154 1129182
1640220.256524 1124943
1640220.258935 1121255
1640220.272336 1111981
1640220.274693 1103745
1640220.277080 1096538
1640220.279560 1090284
1640220.281931 1084742
1640220.284347 1079920
1640220.286779 1075651
1640220.289251 1071964
1640220.291758 1068857
1640220.294137 1065999
1640220.296604 1063634
1640220.331595 1056045
1640220.346105 1045040
1640220.348531 1018367
1640220.350936 995113
1640220.353387 974721
1640220.355808 956896
1640220.358242 941345
1640220.360663 927788
1640220.363114 915962
1640220.373996 903085
1640220.376415 891883
1640220.378838 882119
1640220.381301 873552
1640220.383776 866168
1640220.386218 859735
1640220.388583 854039
1640220.391085 849087
1640220.393516 844676
1640220.395894 840818
1640220.398345 837424
1640220.431059 832186
1640220.445506 827530
1640220.447930 823454
1640220.450384 819934
1640220.452808 816821
1640220.455233 814101
1640220.457652 811706
1640220.460077 809616
1640220.462525 807777
1640220.472181 804949
1640220.474587 802461
1640220.477013 800289
1640220.479441 798350
1640220.481817 796554
1640220.484290 795015
1640220.486693 793715
1640220.489115 792482
1640220.491501 791372
1640220.493950 790474
1640220.496399 789687
1640220.531408 791292
1640220.547238 794086
1640220.549648 796517
1640220.552052 798587
1640220.554649 802955
1640220.557028 806752
1640220.559374 809996
1640220.561874 812921
1640220.564172 815344
1640220.573949 824805
1640220.576341 825814
1640220.578754 826702
1640220.581172 827465
1640220.583641 828175
1640220.586025 828813
1640220.588409 829254
1640220.590860 829712
1640220.593324 830155
1640220.595819 830655
1640220.598310 831130
1640220.632004 862791
1640220.646511 869988
1640220.648929 862868
1640220.651352 856656
1640220.653774 851238
1640220.656192 846313
1640220.658620 842054
1640220.661041 838387
1640220.663422 835045
1640220.673163 839581
1640220.675640 836207
1640220.678070 833346
1640220.680459 830834
1640220.682773 828523
1640220.685279 826538
1640220.687650 824793
1640220.690286 823514
1640220.692665 822330
1640220.694964 821123
1640220.697409 820010
1640220.732627 851771
1640220.747052 860287
1640220.749582 855765
1640220.751881 851691
1640220.754432 848265
1640220.756707 845123
1640220.759152 842377
1640220.761723 840160
1640220.764040 838116
1640220.766512 836420
1640220.776223 834898
1640220.778688 833541
1640220.781019 832280
1640220.783438 831187
1640220.785786 830277
1640220.788389 829580
1640220.790696 828893
1640220.793066 828029
1640220.795492 827323
1640220.797857 826772
1640220.800328 826302
1640220.837861 828203
1640220.852572 830156
1640220.854827 831593
1640220.857338 833065
1640220.859895 834359
1640220.862221 835543
1640220.864656 836574
1640220.866974 837223
1640220.869411 837911
1640220.871853 838483
1640220.881470 838894
1640220.883910 839232
1640220.886550 839821
1640220.888915 840298
1640220.891322 840760
1640220.893733 840965
1640220.896123 841251
1640220.898450 841453
1640220.900935 841691
1640220.903463 842062
1640220.905861 842316
1640220.945686 844825
1640220.960283 846888
1640220.962715 848883
1640220.965237 850651
1640220.967577 851977
1640220.969979 853218
1640220.972535 854403
1640220.974859 855448
1640220.977367 858832
1640220.979723 861717
1640220.989390 871481
1640220.991917 872926
1640220.994267 874097
1640220.996744 874946
1640220.999187 875758
1640221.001535 876422
1640221.003990 877065
1640221.006351 877594
1640221.008667 878049
1640221.011239 878534
1640221.013681 878875
1640221.053611 916705
1640221.068185 924546
1640221.070533 919133
1640221.072960 914402
1640221.075369 910146
1640221.077799 906517
1640221.080152 903298
1640221.082543 900273
1640221.085049 897850
1640221.087432 895605
1640221.097055 900927
1640221.099519 898389
1640221.102081 896175
1640221.104417 894229
1640221.106882 892479
1640221.109217 890890
1640221.111839 889777
1640221.113988 888402
1640221.116551 887494
1640221.118920 886740
1640221.121361 885954
1640221.160024 921498
1640221.175761 928396
1640221.178242 922350
1640221.180666 917123
1640221.183083 912534
1640221.185526 908548
1640221.187901 905027
1640221.190490 902172
1640221.192730 899541
1640221.195279 897264
1640221.197655 895243
1640221.207456 893706
1640221.209711 892156
1640221.212291 890817
1640221.214622 889648
1640221.217096 888627
1640221.219446 887755
1640221.221896 886788
1640221.224296 886215
1640221.226657 885511
1640221.229224 885092
1640221.231551 884612
1640221.271542 885524
1640221.288535 887585
1640221.290964 889328
1640221.293437 890888
1640221.295815 892239
1640221.298300 893453
1640221.300618 894461
1640221.302939 895072
1640221.305455 895889
1640221.307889 896484
1640221.310345 897077
1640221.320075 897534
1640221.322595 898190
1640221.325019 898623
1640221.327353 898989
1640221.329697 899194
1640221.332140 899456
1640221.334583 899675
1640221.337119 900000
1640221.339533 900354
1640221.341915 900481
1640221.344326 900675
1640221.385426 901944
1640221.403548 904187
1640221.405918 906082
1640221.408350 907708
1640221.410876 909277
1640221.413223 910513
1640221.416145 912200
1640221.418066 913278
1640221.420580 914219
1640221.422888 914916
1640221.425461 915640
1640221.435215 916266
1640221.437589 919107
1640221.439999 921552
1640221.442300 923543
1640221.444898 925560
1640221.447142 927249
1640221.449589 928724
1640221.452244 930232
1640221.454594 931360
1640221.457043 932377
1640221.459481 933324
1640221.500256 972522
1640221.502858 968364
1640221.520255 963990
1640221.522254 959784
1640221.524640 956058
1640221.527055 952689
1640221.529615 949956
1640221.531904 946919
1640221.534336 944786
1640221.536770 942839
1640221.539348 941409
1640221.541735 939963
1640221.551472 938688
1640221.553854 937574
1640221.556259 936597
1640221.558699 935870
1640221.561143 935091
1640221.563495 934520
1640221.565882 933958
1640221.568260 933128
1640221.570788 932633
1640221.573240 932203
1640221.575698 931848
1640221.616753 931842
1640221.633655 946103
1640221.636293 943798
1640221.638502 941998
1640221.641028 940538
1640221.643462 939310
1640221.645896 938110
1640221.648382 937257
1640221.650769 936415
1640221.653181 935709
1640221.655677 934961
1640221.666336 942595
1640221.668878 942105
1640221.671314 941686
1640221.673708 941383
1640221.676207 941177
1640221.678578 940917
1640221.681040 940801
1640221.683498 940776
1640221.685804 940664
1640221.688286 940540
1640221.690754 940457
1640221.693165 940317
1640221.735551 941547
1640221.752535 942701
1640221.754860 943399
1640221.757350 944286
1640221.759767 944957
1640221.762162 945507
1640221.764576 945963
1640221.767013 946314
1640221.769415 946622
1640221.771897 946976
1640221.774217 947104
1640221.786333 948680
1640221.788768 949945
1640221.791190 951031
1640221.793677 952081
1640221.796080 952899
1640221.798529 953690
1640221.800844 954243
1640221.803235 954658
1640221.805701 955194
1640221.808087 955549
1640221.810515 955820
1640221.812936 956068
1640221.856914 957878
1640221.873975 959538
1640221.876203 960902
1640221.878728 962127
1640221.881081 963137
1640221.883641 964183
1640221.886010 965065
1640221.888374 965750
1640221.890790 966365
1640221.893245 966877
1640221.895665 967409
1640221.907818 967928
1640221.910175 968297
1640221.912666 968701
1640221.915080 968979
1640221.917536 971633
1640221.919928 973963
1640221.922362 975989
1640221.924950 978037
1640221.927034 979519
1640221.929542 980862
1640221.931982 982088
1640221.934441 983190
1640221.975329 1022622
1640221.981655 1019495
1640221.998508 1016540
1640222.001133 1014354
1640222.003429 1012210
1640222.005908 1010467
1640222.008320 1008773
1640222.010764 1007389
1640222.013363 1006409
1640222.015696 1005474
1640222.018031 1004532
1640222.020465 1003723
1640222.032547 1002950
1640222.034948 1002328
1640222.037462 1001794
1640222.039869 1001327
1640222.042303 1000888
1640222.044640 1000451
1640222.047019 1000014
1640222.049499 999524
1640222.051985 999499
1640222.054424 999408
1640222.056846 999307
1640222.059245 999160
1640222.102680 1001578
1640222.119761 1014405
1640222.122048 1011062
1640222.124587 1008010
1640222.126931 1005432
1640222.129455 1003226
1640222.131825 1001221
1640222.134276 999507
1640222.136738 997858
1640222.139154 996482
1640222.141577 995379
1640222.153604 1004016
1640222.156089 1001996
1640222.158469 1000201
1640222.160883 998514
1640222.163247 996986
1640222.165776 995702
1640222.168177 994730
1640222.170500 993822
1640222.172947 992997
1640222.175403 992245
1640222.177752 991496
1640222.180632 991297
1640222.182633 990725
1640222.227497 991665
1640222.245576 993483
1640222.247987 995193
1640222.250372 996540
1640222.252800 997805
1640222.255318 998900
1640222.257810 999984
1640222.260139 1000805
1640222.262631 1001551
1640222.265072 1002235
1640222.267473 1002806
1640222.279539 1003367
1640222.281993 1003823
1640222.284428 1004264
1640222.286897 1004718
1640222.289200 1005041
1640222.291685 1005280
1640222.294147 1005546
1640222.296512 1005835
1640222.298866 1005998
1640222.301324 1006126
1640222.303867 1006436
1640222.306266 1006222
1640222.308662 1006424
1640222.354752 1007844
1640222.374004 1010262
1640222.376450 1012409
1640222.379036 1014492
1640222.381294 1016147
1640222.383921 1017702
1640222.386079 1018726
1640222.388590 1019809
1640222.390884 1020556
1640222.393279 1021166
1640222.395776 1021793
1640222.407876 1022372
1640222.410330 1022877
1640222.412691 1023238
1640222.415183 1023576
1640222.417600 1024006
1640222.420047 1024329
1640222.422393 1024484
1640222.424805 1026967
1640222.427279 1029272
1640222.429634 1031315
1640222.432128 1033138
1640222.434504 1034427
1640222.436973 1035764
1640222.477176 1074742
1640222.485293 1070906
1640222.504701 1067712
1640222.507150 1064920
1640222.509553 1062294
1640222.511952 1060144
1640222.514331 1058008
1640222.516776 1056427
1640222.519258 1055014
1640222.521708 1053940
1640222.524129 1053022
1640222.526554 1052148
1640222.539808 1052538
1640222.542242 1052861
1640222.544641 1053181
1640222.547064 1053393
1640222.549542 1053640
1640222.551936 1053799
1640222.554320 1053975
1640222.556761 1054158
1640222.559261 1054344
1640222.561654 1054546
1640222.564104 1054684
1640222.566462 1054782
1640222.568928 1054865
1640222.614945 1060760
1640222.634316 1077148
1640222.636773 1074540
1640222.639130 1072165
1640222.641640 1070197
1640222.643981 1068395
1640222.646463 1066939
1640222.648818 1065579
1640222.651299 1064382
1640222.653726 1063298
1640222.656148 1062348
1640222.668259 1071206
1640222.670678 1068143
1640222.673098 1065442
1640222.675581 1063167
1640222.677966 1061138
1640222.680320 1059238
1640222.682732 1057594
1640222.685179 1056219
1640222.687655 1055030
1640222.690087 1053957
1640222.692478 1053018
1640222.694866 1052135
1640222.697324 1051464
1640222.699755 1050839
1640222.748127 1052653
1640222.767497 1054233
1640222.769985 1055645
1640222.772323 1056861
1640222.774829 1057921
1640222.777193 1058871
1640222.779611 1059641
1640222.782014 1060363
1640222.784441 1060941
1640222.786896 1061474
1640222.789412 1062032
1640222.801444 1062437
1640222.803909 1062837
1640222.806363 1063223
1640222.808909 1063623
1640222.811317 1064005
1640222.813653 1064312
1640222.816123 1064637
1640222.818446 1064798
1640222.821045 1065061
1640222.823587 1065400
1640222.825869 1065589
1640222.828300 1065800
1640222.830722 1065948
1640222.833120 1066044
1640222.882780 1067420
1640222.902152 1068628
1640222.904652 1069695
1640222.906993 1070633
1640222.909426 1071379
1640222.911823 1072066
1640222.914188 1072616
1640222.916639 1073144
1640222.919153 1073687
1640222.921567 1074123
1640222.923985 1074390
1640222.936092 1074702
1640222.938538 1074956
1640222.940976 1075163
1640222.943405 1075227
1640222.945803 1075273
1640222.948280 1075456
1640222.950584 1075448
1640222.953071 1075599
1640222.955530 1075592
1640222.957922 1075404
1640222.960369 1077639
1640222.962763 1079755
1640222.965204 1081618
1640222.967647 1083242
1640223.008235 1122879
1640223.020841 1120543
1640223.040297 1118581
1640223.042554 1116621
1640223.045075 1115088
1640223.047438 1113676
1640223.049992 1112597
1640223.052246 1111545
1640223.054806 1110732
1640223.057214 1109905
1640223.059572 1109131
1640223.062044 1108508
1640223.074238 1108044
1640223.076609 1107564
1640223.079060 1107161
1640223.081500 1106801
1640223.083799 1106401
1640223.086158 1105936
1640223.088589 1105653
1640223.091109 1105437
1640223.093474 1105158
1640223.095961 1105009
1640223.098453 1104929
1640223.100869 1104881
1640223.103150 1104670
1640223.105587 1104480
1640223.157763 1115924
1640223.176933 1132425
1640223.179514 1129998
1640223.181944 1128066
1640223.184238 1126144
1640223.186718 1124580
1640223.189185 1123091
1640223.191532 1121925
1640223.194085 1120895
1640223.196314 1119817
1640223.198903 1119096
1640223.211038 1128132
1640223.213431 1126248
1640223.215820 1124610
1640223.218245 1123141
1640223.220666 1121846
1640223.223119 1120873
1640223.225445 1119992
1640223.227863 1119205
1640223.230431 1118557
1640223.232777 1117980
1640223.235212 1117419
1640223.237630 1116843
1640223.240062 1116394
1640223.242470 1116130
1640223.244948 1115941
1640223.296968 1115618
1640223.317436 1116645
1640223.320087 1117605
1640223.322475 1118410
1640223.325257 1119595
1640223.326261 1119101
1640223.327560 1117555
1640223.328728 1117339
1640223.330047 1116153
1640223.331192 1116230
1640223.332421 1115014
1640223.333609 1115112
1640223.334839 1114224
1640223.336086 1114666
1640223.337295 1113698
1640223.338499 1114026
1640223.349211 1112919
1640223.350436 1113149
1640223.351671 1112219
1640223.352869 1112572
1640223.354179 1111832
1640223.355259 1112236
1640223.356522 1111443
1640223.357794 1111989
1640223.358927 1111211
1640223.360230 1111802
1640223.361330 1110999
1640223.362660 1111594
1640223.363714 1110870
1640223.365087 1111573
1640223.366197 1110915
1640223.367352 1111426
1640223.368594 1110613
1640223.369869 1111145
1640223.371044 1110475
1640223.372287 1111104
1640223.373401 1110361
1640223.374619 1110900
1640223.375890 1110266
1640223.377110 1110893
1640223.378274 1110213
1640223.379470 1110774
1640223.380661 1110088
1640223.381926 1110726
1640223.383237 1110142
1640223.384380 1110747
1640223.433948 1108856
1640223.435278 1108442
1640223.455835 1108251
1640223.457041 1109258
1640223.458214 1108698
1640223.459485 1109445
1640223.460608 1108867
1640223.461918 1109640
1640223.463059 1108708
1640223.464411 1109216
1640223.465509 1109787
1640223.466745 1110064
1640223.467921 1109141
1640223.469379 1107413
1640223.470339 1104448
1640223.471694 1100748
1640223.482484 1096402
1640223.483769 1091419
1640223.484912 1085700
1640223.486104 1079548
1640223.487400 1073052
1640223.488565 1066115
1640223.489835 1058947
1640223.490998 1051353
1640223.492193 1043507
1640223.493559 1035559
1640223.495867 1028558
1640223.498262 1019939
1640223.539266 1048443
1640223.556563 1006872
1640223.558959 972727
1640223.561418 945201
1640223.563715 923300
1640223.566152 906045
1640223.568492 890900
1640223.579453 876484
1640223.582014 863997
1640223.584232 852761
1640223.586651 842945
1640223.589078 834426
1640223.591662 825884
1640223.594158 818524
1640223.648569 825474
1640223.650972 816629
1640223.653355 808869
1640223.655868 802128
1640223.658108 796185
1640223.660579 790977
1640223.671374 794917
1640223.673853 789878
1640223.676317 785366
1640223.678721 781616
1640223.681128 778321
1640223.683546 775401
1640223.685968 772713
1640223.726398 808276
1640223.742929 801563
1640223.745327 795691
1640223.747795 790638
1640223.750274 786172
1640223.752696 782448
1640223.755117 779144
1640223.767206 777559
1640223.769657 776135
1640223.772056 774823
1640223.774465 773680
1640223.776812 772613
1640223.779368 771817
1640223.781770 771100
1640223.837535 785827
1640223.839935 784540
1640223.842404 783519
1640223.844861 782615
1640223.847088 781570
1640223.849499 780645
1640223.851960 779874
1640223.864203 779351
1640223.866607 778849
1640223.869071 778466
1640223.871520 778173
1640223.873911 777960
1640223.876355 777642
1640223.878741 777368
1640223.935676 778312
1640223.938056 779103
1640223.940421 779686
1640223.942890 780208
1640223.945330 780881
1640223.947740 781468
1640223.950185 781968
1640223.963447 783421
1640223.965820 784659
1640223.968254 785715
1640223.970720 786659
1640223.973203 787573
1640223.975572 788299
1640223.978060 789037
1640224.036075 790770
1640224.038486 792320
1640224.041015 793811
1640224.043288 797323
1640224.045795 800491
1640224.048237 803267
1640224.050689 805741
1640224.062781 817546
1640224.065291 817121
1640224.067713 816779
1640224.070123 816486
1640224.072535 816173
1640224.074970 815846
1640224.077339 815564
1640224.118378 853790
1640224.136621 847568
1640224.138983 842078
1640224.141499 837259
1640224.143938 833212
1640224.146239 829464
1640224.148663 826167
1640224.151222 823389
1640224.165771 823417
1640224.168158 823308
1640224.170609 823247
1640224.172902 823075
1640224.175341 822950
1640224.177809 822873
1640224.180160 822789
1640224.238506 840025
1640224.240678 839001
1640224.243088 838134
1640224.245524 837319
1640224.247984 836621
1640224.250333 836098
1640224.253088 835969
1640224.255368 835577
1640224.269856 835176
1640224.272338 834917
1640224.274754 834651
1640224.277178 834555
1640224.279580 834434
1640224.282005 834285
1640224.284398 834198
1640224.342580 833966
1640224.345060 834073
1640224.347282 833978
1640224.349802 833979
1640224.352288 833996
1640224.354651 834034
1640224.356963 833564
1640224.359375 833345
1640224.374026 833316
1640224.376457 833233
1640224.378894 833187
1640224.381354 833177
1640224.383721 833132
1640224.386157 833105
1640224.388646 833178
1640224.449094 835499
1640224.451606 837560
1640224.453935 839482
1640224.456611 841317
1640224.458793 842611
1640224.461375 843963
1640224.463764 847444
1640224.466158 850619
1640224.480691 865519
1640224.483088 866327
1640224.485547 867060
1640224.487954 867673
1640224.490349 868143
1640224.492803 868642
1640224.495225 869058
1640224.536483 908198
1640224.556973 902506
1640224.559338 897377
1640224.561783 893011
1640224.564151 888880
1640224.566527 885461
1640224.568957 882317
1640224.571489 879710
1640224.573840 877386
1640224.588444 875418
1640224.590858 873718
1640224.593348 872258
1640224.595624 870851
1640224.598003 869603
1640224.600427 868479
1640224.602855 867505
1640224.665827 888387
1640224.668282 888546
1640224.670668 888715
1640224.673078 888829
1640224.675735 889187
1640224.677908 889345
1640224.680348 889476
1640224.682794 889530
1640224.685278 889743
1640224.699797 889843
1640224.702187 889906
1640224.704636 889932
1640224.707146 890173
1640224.709463 890323
1640224.711826 890394
1640224.714286 890492
1640224.777216 890545
1640224.779637 890546
1640224.782104 890626
1640224.784525 890707
1640224.786865 890462
1640224.789338 890549
1640224.791745 890589
1640224.794193 890626
1640224.796639 890619
1640224.811127 890597
1640224.813596 890655
1640224.816048 890711
1640224.818453 890652
1640224.820891 890725
1640224.823512 891039
1640224.825858 891200
1640224.891064 893628
1640224.893429 895695
1640224.895882 897490
1640224.898290 899044
1640224.900668 900442
1640224.903113 901611
1640224.905553 902678
1640224.907965 903568
1640224.910430 904366
1640224.924955 919539
1640224.927420 920842
1640224.929872 921964
1640224.932252 922874
1640224.934678 923688
1640224.937096 924381
1640224.939532 924800
1640224.980354 963641
1640225.006268 958372
1640225.008664 953786
1640225.011114 949778
1640225.013501 946249
1640225.015955 943239
1640225.018321 940527
1640225.020804 938187
1640225.023223 936145
1640225.025645 934314
1640225.040171 932716
1640225.042626 931303
1640225.044989 929980
1640225.047325 928778
1640225.049784 927759
1640225.052222 926888
1640225.054610 926072
1640225.122571 952485
1640225.125004 952090
1640225.127455 951783
1640225.129890 951520
1640225.132334 951348
1640225.134646 951034
1640225.137074 950829
1640225.139580 950682
1640225.141990 950543
1640225.156554 962568
1640225.158984 960988
1640225.161406 959596
1640225.163849 958469
1640225.166115 957414
1640225.168519 956429
1640225.170903 955511
1640225.173297 954715
1640225.241309 954070
1640225.243760 953517
1640225.246150 952976
1640225.248576 952491
1640225.250879 951927
1640225.253298 951547
1640225.255833 951321
1640225.258159 950939
1640225.260669 950704
1640225.275228 950508
1640225.277838 950503
1640225.279983 950223
1640225.282429 949983
1640225.284897 949974
1640225.287275 949937
1640225.289805 950051
1640225.292446 950399
1640225.362428 952671
1640225.364879 954669
1640225.367295 956435
1640225.369708 957967
1640225.372137 959435
1640225.374520 960690
1640225.376938 961661
1640225.379451 962716
1640225.381921 963577
1640225.396414 964265
1640225.398801 964649
1640225.401209 965241
1640225.403968 968454
1640225.405859 970732
1640225.408293 972716
1640225.410696 974450
1640225.413325 976085
1640225.454319 1015871
1640225.484953 1011379
1640225.487115 1007155
1640225.489482 1003400
1640225.492214 1000434
1640225.494397 997591
1640225.496883 995211
1640225.499288 993122
1640225.501608 991108
1640225.504123 989363
1640225.518620 987862
1640225.521183 986729
1640225.523574 985724
1640225.526015 984532
1640225.528189 983770
1640225.530633 983113
1640225.533266 982763
1640225.535616 982171
1640225.608196 1013237
1640225.610739 1012266
1640225.613018 1011563
1640225.615441 1010966
1640225.617824 1010140
1640225.620284 1009681
1640225.622853 1009367
1640225.625156 1008979
1640225.627621 1008809
1640225.642159 1020682
1640225.644693 1019109
1640225.647086 1017573
1640225.649496 1016225
1640225.651777 1014858
1640225.654213 1013995
1640225.656630 1013211
1640225.659067 1012324
1640225.662012 1012133
1640225.734272 1011667
1640225.736601 1011025
1640225.738950 1010532
1640225.741552 1010280
1640225.743968 1010110
1640225.746352 1009858
1640225.748670 1009397
1640225.751100 1009124
1640225.753620 1008945
1640225.768209 1008813
1640225.770631 1008610
1640225.773063 1008464
1640225.775506 1008366
1640225.777911 1008410
1640225.780332 1008427
1640225.782761 1008445
1640225.784984 1008260
1640225.787596 1007784
1640225.861368 1008862
1640225.863915 1010022
1640225.866363 1011139
1640225.868788 1011937
1640225.871160 1012591
1640225.873563 1013182
1640225.876067 1013884
1640225.878524 1014528
1640225.880911 1014959
1640225.895462 1015297
1640225.897817 1015515
1640225.900205 1015669
1640225.902527 1015683
1640225.905008 1015774
1640225.907478 1015894
1640225.909782 1018216
1640225.912212 1020270
1640225.914728 1022404
1640225.955250 1062111
1640225.989835 1057770
1640225.992261 1053851
1640225.994864 1050571
1640225.997019 1047434
1640225.999480 1044779
1640226.001949 1042519
1640226.004394 1040483
1640226.006794 1038619
1640226.009225 1037058
1640226.023782 1035677
1640226.026178 1034534
1640226.028566 1033535
1640226.030933 1032701
1640226.033292 1031855
1640226.035942 1031294
1640226.038130 1030689
1640226.040760 1030356
1640226.043130 1029918
1640226.119256 1065144
1640226.121642 1063728
1640226.124070 1062489
1640226.126583 1061294
1640226.129011 1060526
1640226.131450 1059849
1640226.133820 1059134
1640226.136352 1058569
1640226.138683 1058062
1640226.153361 1069863
1640226.155806 1068032
1640226.158246 1066503
1640226.160659 1065183
1640226.162901 1063920
1640226.165309 1062852
1640226.167751 1061676
1640226.170165 1060915
1640226.172599 1060099
1640226.175123 1059540
1640226.253804 1061613
1640226.256341 1063584
1640226.258545 1065076
1640226.260956 1066270
1640226.263551 1067481
1640226.265844 1068396
1640226.268206 1069190
1640226.270609 1069756
1640226.273224 1070535
1640226.288111 1071421
1640226.290053 1071698
1640226.292524 1071973
1640226.294953 1072232
1640226.297291 1072557
1640226.299743 1072887
1640226.302371 1073362
1640226.304564 1073550
1640226.307144 1073859
1640226.309445 1073909
1640226.388142 1073974
1640226.390622 1073975
1640226.393020 1074172
1640226.395513 1074418
1640226.397852 1074375
1640226.400376 1074570
1640226.402822 1074841
1640226.405262 1075098
1640226.407612 1075062
1640226.422234 1074757
1640226.424584 1074901
1640226.427082 1075058
1640226.429454 1075138
1640226.431888 1075303
1640226.434286 1075394
1640226.436697 1075252
1640226.439124 1075368
1640226.441626 1075380
1640226.443903 1077608
1640226.484371 1117756
1640226.529336 1119191
1640226.531394 1120019
1640226.533825 1120776
1640226.536359 1121479
1640226.538642 1122047
1640226.541129 1122502
1640226.543541 1122865
1640226.545942 1123146
1640226.548369 1123470
1640226.562966 1123726
1640226.565379 1124029
1640226.567802 1124208
1640226.570201 1124382
1640226.572618 1124522
1640226.575243 1124869
1640226.577677 1125195
1640226.580079 1125459
1640226.582398 1125502
1640226.584839 1125706
1640226.664365 1164949
1640226.665997 1155953
1640226.668304 1148317
1640226.670773 1141690
1640226.673253 1135836
1640226.676079 1131258
1640226.678150 1126828
1640226.680592 1122988
1640226.683008 1119644
1640226.685414 1116698
1640226.701043 1115152
1640226.703470 1113815
1640226.705973 1112725
1640226.708282 1111668
1640226.710824 1110878
1640226.713277 1110004
1640226.715590 1109129
1640226.717970 1108338
1640226.720419 1107775
1640226.722957 1107374
1640226.763290 1147240
1640226.804048 1143479
1640226.806422 1140904
1640226.808901 1138819
1640226.811221 1136854
1640226.813784 1135206
1640226.816063 1133215
1640226.818443 1131782
1640226.820864 1130514
1640226.823349 1129475
1640226.840288 1142999
1640226.842744 1141761
1640226.845202 1140703
1640226.847566 1139634
1640226.849898 1138731
1640226.852321 1137813
1640226.854750 1136995
1640226.857218 1136433
1640226.859626 1135970
1640226.862077 1135550
1640226.899607 1170191
1640226.935910 1155746
1640226.938282 1143109
1640226.940744 1132035
1640226.943147 1122411
1640226.945546 1113843
1640226.947959 1106481
1640226.950389 1100084
1640226.952809 1094485
1640226.955271 1089561
1640226.972193 1085253
1640226.974618 1081451
1640226.977065 1078108
1640226.979571 1075318
1640226.981882 1072857
1640226.984291 1070692
1640226.986723 1068800
1640226.989154 1067109
1640226.991571 1065637
1640226.994123 1064457
1640227.024263 1056012
1640227.060626 1084949
1640227.063149 1076536
1640227.065597 1069248
1640227.068094 1062901
1640227.070574 1057430
1640227.072841 1052513
1640227.075370 1048325
1640227.077750 1044610
1640227.080097 1041287
1640227.095842 1051664
1640227.098363 1046336
1640227.100702 1041595
1640227.103327 1037626
1640227.105528 1033846
1640227.107990 1030691
1640227.110415 1027938
1640227.112812 1025502
1640227.115441 1023568
1640227.117672 1021689
1640227.147926 1047749
1640227.185486 1077974
1640227.187903 1070443
1640227.190334 1063756
1640227.192765 1057889
1640227.195182 1052669
1640227.197603 1048043
1640227.200087 1044220
1640227.202555 1040764
1640227.204970 1037776
1640227.220639 1048524
1640227.223003 1044558
1640227.225457 1041013
1640227.227813 1037933
1640227.230512 1035319
1640227.232699 1033005
1640227.235146 1030929
1640227.237548 1029127
1640227.239914 1027519
1640227.242432 1026008
1640227.273778 1053803
1640227.310258 1084355
1640227.312624 1075887
1640227.315052 1068485
1640227.317489 1062047
1640227.319902 1056395
1640227.322327 1051457
1640227.324773 1047160
1640227.327135 1043281
1640227.329757 1040039
1640227.332045 1037076
1640227.348998 1035769
1640227.351469 1034735
1640227.355046 1034946
1640227.357598 1035341
1640227.359912 1035296
1640227.362353 1035510
1640227.364742 1035642
1640227.367135 1035749
1640227.369517 1035856
1640227.372059 1035975
1640227.403502 1036186
1640227.439962 1036339
1640227.442339 1036483
1640227.444743 1036584
1640227.447244 1036731
1640227.449624 1036833
1640227.451951 1036822
1640227.454359 1036781
1640227.457058 1037082
1640227.459296 1036959
1640227.461743 1037013
1640227.478685 1037045
1640227.481030 1036946
1640227.483731 1035980
1640227.486044 1034893
1640227.488434 1034022
1640227.490853 1033235
1640227.493319 1032625
1640227.495569 1031950
1640227.498157 1031565
1640227.500382 1030909
1640227.534414 1032924
1640227.571940 1035753
1640227.574409 1038316
1640227.576798 1040553
1640227.579245 1042446
1640227.581866 1046644
1640227.584261 1050395
1640227.586430 1053469
1640227.588868 1056242
1640227.591384 1058453
1640227.594087 1060859
1640227.610641 1077062
1640227.613155 1076828
1640227.615467 1076594
1640227.617952 1076145
1640227.620478 1075987
1640227.622870 1075847
1640227.625247 1075697
1640227.628077 1075898
1640227.630031 1075784
1640227.632766 1075855
1640227.663904 1104833
1640227.701500 1133735
1640227.704184 1124201
1640227.706337 1115540
1640227.708818 1108061
1640227.711202 1101448
1640227.713787 1095578
1640227.716186 1090470
1640227.718632 1086280
1640227.720977 1082546
1640227.723350 1079115
1640227.740499 1090554
1640227.743946 1087483
1640227.746299 1084580
1640227.748683 1082146
1640227.751112 1079973
1640227.753518 1077908
1640227.755988 1076219
1640227.758438 1074769
1640227.760893 1073154
1640227.763322 1072207
1640227.797510 1102829
1640227.833719 1134710
1640227.835977 1127284
1640227.838454 1120505
1640227.840831 1114871
1640227.843207 1109839
1640227.845639 1105480
1640227.848085 1101448
1640227.850434 1097987
1640227.852910 1094976
1640227.855451 1092540
1640227.857977 1090557
1640227.875840 1089557
1640227.878517 1087895
1640227.880678 1086253
1640227.883207 1084960
1640227.885622 1083815
1640227.888035 1082817
1640227.890410 1081844
1640227.892825 1080978
1640227.895276 1080201
1640227.897798 1079614
1640227.934036 1081150
1640227.970504 1082750
1640227.972882 1084271
1640227.975315 1085555
1640227.977690 1086681
1640227.980137 1087738
1640227.982550 1088639
1640227.985018 1089452
1640227.987478 1090279
1640227.990104 1091150
1640227.992230 1091496
1640227.994709 1091751
1640228.011704 1091112
1640228.014097 1090266
1640228.016532 1089804
1640228.018927 1089260
1640228.021379 1088816
1640228.023715 1088348
1640228.026259 1088115
1640228.028597 1087834
1640228.031111 1087653
1640228.033503 1087361
1640228.072218 1089587
1640228.109818 1092659
1640228.112208 1095362
1640228.114825 1097886
1640228.116952 1099869
1640228.119372 1101579
1640228.121923 1103218
1640228.124317 1104576
1640228.126626 1105600
1640228.129269 1109076
1640228.131915 1112091
1640228.134015 1114781
1640228.150962 1131615
1640228.153517 1131916
1640228.155891 1132156
1640228.158183 1132225
1640228.160598 1132307
1640228.163121 1132414
1640228.165479 1132553
1640228.167982 1132629
1640228.170263 1132649
1640228.172818 1132712
1640228.209071 1166595
1640228.246552 1195026
1640228.248948 1184704
1640228.251397 1175723
1640228.253788 1167642
1640228.256323 1160936
1640228.258762 1155117
1640228.261204 1149942
1640228.263680 1145486
1640228.266069 1141641
1640228.268521 1138099
1640228.270986 1134812
1640228.289181 1148048
1640228.291640 1145143
1640228.293817 1142212
1640228.296282 1139758
1640228.298621 1137663
1640228.301125 1135911
1640228.303526 1134246
1640228.306155 1132997
1640228.308446 1131753
1640228.310793 1130727
1640228.348450 1164930
1640228.384690 1194841
1640228.387064 1185925
1640228.389513 1178149
1640228.391897 1171229
1640228.394333 1165299
1640228.396774 1160018
1640228.399190 1155374
1640228.401629 1151286
1640228.403957 1147529
1640228.406611 1144550
1640228.775863 945961
1640228.779594 945086
1640228.781849 943179
1640228.784325 941469
1640228.786661 939930
1640228.789223 938736
1640228.791662 937517
1640228.794044 936444
1640228.796448 935496
1640228.798953 934750
1640228.829184 962016
1640228.853276 979706
1640228.855797 973318
1640228.858242 967780
1640228.860655 962912
1640228.863047 958794
1640228.865391 954974
1640228.868008 951825
1640228.870482 949183
1640228.872731 946670
1640228.875247 944603
1640228.877708 942709
1640228.880098 941173
1640228.890902 948119
1640228.894626 948309
1640228.897052 947088
1640228.899501 946327
1640228.902115 945800
1640228.904202 945091
1640228.906596 944298
1640228.909081 943650
1640228.911497 943119
1640228.914031 942783
1640228.916395 942351
1640228.949199 944540
1640228.973298 946469
1640228.975648 947983
1640228.978049 949263
1640228.980638 950559
1640228.982898 951560
1640228.985377 952567
1640228.987746 953202
1640228.990273 953813
1640228.992714 954543
1640228.995052 955001
1640228.997528 955416
1640228.999955 955816
1640229.009670 955073
1640229.012236 953271
1640229.014475 951508
1640229.016959 949997
1640229.019486 948586
1640229.021654 947439
1640229.024084 946468
1640229.026506 945557
1640229.029188 945024
1640229.031346 944182
1640229.033795 943533
1640229.069162 945529
1640229.091841 945856
1640229.094249 946201
1640229.096696 946551
1640229.099136 946708
1640229.101521 946967
1640229.103940 947134
1640229.106359 947329
1640229.108784 947404
1640229.111205 947440
1640229.113651 947579
1640229.116097 947670
1640229.124211 953438
1640229.129363 953926
1640229.133106 955532
1640229.135464 957052
1640229.137984 958409
1640229.140304 961857
1640229.142743 964823
1640229.145143 967614
1640229.147573 970101
1640229.150047 972333
1640229.152478 974028
1640229.154869 975742
1640229.190174 1010104
1640229.211919 1026558
1640229.214344 1020703
1640229.216754 1015584
1640229.219257 1011161
1640229.221671 1007265
1640229.224259 1004056
1640229.226437 1001011
1640229.229065 998529
1640229.231470 996352
1640229.233870 994426
1640229.236312 992734
1640229.243518 996015
1640229.252086 999341
1640229.254376 999402
1640229.257180 998447
1640229.259128 997268
1640229.261608 996168
1640229.264037 995334
1640229.266524 994663
1640229.268843 993986
1640229.271356 993481
1640229.273689 992898
1640229.276185 992441
1640229.311285 1024751
1640229.333039 1039472
1640229.335399 1032947
1640229.337813 1027226
1640229.340311 1022294
1640229.342671 1017841
1640229.345083 1013947
1640229.347494 1010325
1640229.349961 1007488
1640229.352362 1004708
1640229.354875 1002451
1640229.357317 1000524
1640229.364521 1003471
1640229.372926 1007356
1640229.375381 1004637
1640229.377774 1002376
1640229.380262 1000074
1640229.382649 998511
1640229.385013 997029
1640229.387564 995848
1640229.389928 994725
1640229.392341 993840
1640229.394831 993039
1640229.397310 992488
1640229.399661 991858
1640229.438409 994950
1640229.460288 997803
1640229.462701 1000338
1640229.465170 1002625
1640229.467631 1004595
1640229.469985 1006306
1640229.472447 1007856
1640229.474722 1009076
1640229.477189 1010142
1640229.479693 1011178
1640229.482181 1012046
1640229.484534 1012732
1640229.491822 1013419
1640229.498975 1012769
1640229.501490 1012234
1640229.503941 1011848
1640229.506346 1011428
1640229.508809 1011133
1640229.511248 1010949
1640229.513635 1010618
1640229.516039 1010340
1640229.518404 1010072
1640229.520857 1009803
1640229.523324 1009565
1640229.525734 1009416
1640229.564384 1009175
1640229.587324 1010034
1640229.589733 1010781
1640229.592282 1011522
1640229.594559 1011972
1640229.597018 1012473
1640229.599467 1012900
1640229.601830 1013364
1640229.604314 1013793
1640229.606954 1014298
1640229.609272 1014570
1640229.611633 1014817
1640229.618896 1015002
1640229.627487 1016611
1640229.629771 1017781
1640229.632137 1018725
1640229.634579 1019586
1640229.636957 1020255
1640229.639440 1020878
1640229.641872 1021469
1640229.644352 1022068
1640229.646768 1024957
1640229.649166 1027530
1640229.651613 1029785
1640229.654051 1031725
1640229.693990 1070949
1640229.715904 1088529
1640229.718324 1083394
1640229.720688 1078855
1640229.723161 1074816
1640229.725605 1071457
1640229.727931 1068386
1640229.730382 1065670
1640229.732957 1063535
1640229.735178 1061409
1640229.737609 1059324
1640229.740101 1057685
1640229.747389 1061178
1640229.755746 1065294
1640229.758134 1062718
1640229.760536 1060544
1640229.763001 1058784
1640229.765376 1057149
1640229.767811 1055804
1640229.770282 1054608
1640229.772680 1053517
1640229.775135 1052503
1640229.777672 1051792
1640229.780168 1051252
1640229.782482 1050624
1640229.821264 1086439
1640229.844162 1100746
1640229.846676 1093857
1640229.849176 1087915
1640229.851572 1082752
1640229.854003 1078174
1640229.856481 1074220
1640229.858780 1070737
1640229.861173 1067634
1640229.863589 1064704
1640229.866122 1062509
1640229.868446 1060474
1640229.875843 1063601
1640229.884150 1067317
1640229.886662 1064747
1640229.889049 1062507
1640229.891599 1060663
1640229.893881 1058890
1640229.896376 1057463
1640229.898834 1056243
1640229.901266 1055131
1640229.903738 1054220
1640229.906094 1053292
1640229.908535 1052398
1640229.910847 1051493
1640229.913329 1050857
1640229.954549 1052741
1640229.978764 1055706
1640229.981142 1058161
1640229.983609 1060295
1640229.985936 1062086
1640229.988460 1063742
1640229.990772 1065026
1640229.993270 1066351
1640229.995875 1067721
1640229.998161 1068790
1640230.000575 1069604
1640230.002943 1070361
1640230.010310 1070994
1640230.017513 1070448
1640230.019951 1069893
1640230.022326 1069394
1640230.024713 1068801
1640230.027207 1068487
1640230.029650 1068163
1640230.032062 1067830
1640230.034487 1067535
1640230.036913 1067231
1640230.039288 1066982
1640230.041757 1066792
1640230.044215 1066773
1640230.046492 1066552
1640230.087746 1066388
1640230.112007 1066292
1640230.114364 1066176
1640230.116694 1065938
1640230.119206 1065927
1640230.121598 1065783
1640230.124140 1065889
1640230.126538 1065881
1640230.128939 1065668
1640230.131358 1065619
1640230.133813 1065617
1640230.136237 1065670
1640230.143516 1065627
1640230.153193 1068066
1640230.155619 1070191
1640230.158056 1072109
1640230.160495 1073841
1640230.162862 1075227
1640230.165323 1076459
1640230.167765 1077564
1640230.170176 1078517
1640230.172574 1079324
1640230.174970 1080056
1640230.177373 1080631
1640230.179830 1081125
1640230.182272 1083914
1640230.223322 1125183
1640230.225829 1122581
1640230.249932 1120142
1640230.252352 1118074
1640230.254859 1116445
1640230.257323 1114968
1640230.259707 1113672
1640230.262125 1112408
1640230.264623 1111401
1640230.267006 1110505
1640230.269479 1109774
1640230.271855 1109058
1640230.274304 1108455
1640230.281580 1107926
1640230.291244 1107448
1640230.293647 1106993
1640230.295985 1106440
1640230.298472 1106065
1640230.300938 1105836
1640230.303240 1105496
1640230.305670 1105168
1640230.308161 1104962
1640230.310502 1104723
1640230.313027 1104642
1640230.315381 1104521
1640230.317764 1104345
1640230.320323 1104315
1640230.361557 1104469
1640230.385627 1126137
1640230.388064 1123427
1640230.390524 1121116
1640230.392956 1118990
1640230.395326 1117037
1640230.397851 1115470
1640230.400396 1114215
1640230.402665 1112840
1640230.405129 1111751
1640230.407384 1110545
1640230.409967 1109755
1640230.417219 1113853
1640230.426853 1119811
1640230.429227 1117751
1640230.431796 1116113
1640230.434038 1114577
1640230.436389 1113087
1640230.439010 1111948
1640230.441410 1111054
1640230.443786 1110231
1640230.446428 1109649
1640230.448725 1109100
1640230.451157 1108524
1640230.453407 1107896
1640230.455964 1107543
1640230.458382 1107076
1640230.503092 1110178
1640230.527315 1113052
1640230.528498 1114279
1640230.529823 1114237
1640230.531054 1115400
1640230.532254 1115226
1640230.533428 1116188
1640230.534687 1115976
1640230.535694 1116746
1640230.537056 1116311
1640230.538148 1116983
1640230.539444 1116326
1640230.540685 1116991
1640230.541749 1116406
1640230.543161 1117271
1640230.544251 1116689
1640230.545594 1117488
1640230.546797 1117153
1640230.547906 1117934
1640230.549126 1117291
1640230.550353 1117881
1640230.556330 1117212
1640230.557492 1117756
1640230.566065 1117206
1640230.567274 1117905
1640230.568389 1117285
1640230.569625 1117947
1640230.570909 1117291
1640230.572156 1117892
1640230.573230 1117300
1640230.574461 1117985
1640230.575706 1117511
1640230.576933 1118293
1640230.578094 1117548
1640230.579357 1118124
1640230.580554 1117477
1640230.581758 1118084
1640230.582895 1117388
1640230.584185 1118035
1640230.585432 1117236
1640230.586608 1117641
1640230.587748 1116906
1640230.589055 1117503
1640230.590188 1116802
1640230.591435 1117402
1640230.592609 1116899
1640230.593828 1117645
1640230.595095 1117027
1640230.596233 1117592
1640230.597540 1117007
1640230.598711 1117636
1640230.641239 1116029
1640230.642423 1115768
1640230.665351 1114288
1640230.666607 1114217
1640230.667799 1114183
1640230.669108 1113911
1640230.670117 1112487
1640230.671503 1110195
1640230.672603 1106923
1640230.673952 1103025
1640230.675172 1098530
1640230.676251 1093171
1640230.677415 1087098
1640230.678716 1080761
1640230.684856 1074148
1640230.693321 1067104
1640230.694491 1059791
1640230.695715 1052092
1640230.696810 1044121
1640230.698091 1035956
1640230.700584 1028916
1640230.703034 1020411
1640230.705265 1010342
1640230.707780 999183
1640230.748295 1025000
1640230.776740 1032344
1640230.779393 1014852
1640230.781775 999613
1640230.784228 987349
1640230.786524 976467
1640230.789044 967173
1640230.796119 963648
1640230.805980 955814
1640230.808410 948996
1640230.810755 942996
1640230.813252 937717
1640230.815667 933067
1640230.817981 929079
1640230.858269 963370
1640230.886997 981596
1640230.889512 971611
1640230.891929 962577
1640230.894392 954788
1640230.896743 947891
1640230.899216 942045
1640230.906331 941486
1640230.916123 943706
1640230.918579 938268
1640230.921042 933515
1640230.923454 929449
1640230.925712 925618
1640230.928267 922478
1640230.930751 919895
1640231.000812 947424
1640231.003279 945221
1640231.005936 943433
1640231.008149 941665
1640231.010504 940002
1640231.012943 938644
1640231.020274 942312
1640231.029996 948130
1640231.032423 945860
1640231.034838 943829
1640231.037162 941910
1640231.039586 940245
