1640203.637217 1491208
1640203.742594 1409959
1640203.886933 1304026
1640203.890608 1214896
1640203.891914 1138138
1640203.892980 1071975
1640203.894244 1015163
1640203.895425 966537
1640203.896771 925286
1640203.897888 890269
1640203.899173 860878
1640203.900300 836251
1640203.970664 815404
1640203.971968 798412
1640203.975483 783439
1640203.976808 771636
1640203.977859 761095
1640203.979202 753167
1640203.980325 746316
1640203.981636 741601
1640203.982712 737339
1640203.984102 734956
1640203.985208 732826
1640203.986494 732220
1640203.987634 731510
1640203.988951 732183
1640203.990012 732731
1640203.991235 734352
1640203.992423 735760
1640203.993626 738120
1640203.994797 740304
1640203.996046 743390
1640204.067679 747444
1640204.069028 752275
1640204.070064 756298
1640204.071467 761163
1640204.075033 765528
1640204.076310 770596
1640204.077561 774986
1640204.078716 779956
1640204.079909 784465
1640204.081245 789717
1640204.082430 794175
1640204.083507 799126
1640204.084705 803566
1640204.085881 808601
1640204.087476 813321
1640204.088238 818132
1640204.089615 822724
1640204.090670 827768
1640204.092022 832173
1640204.093210 837171
1640204.094324 841596
1640204.095537 846633
1640204.096862 851126
1640204.098105 856274
1640204.099222 860578
1640204.100429 865462
1640204.101710 869993
1640204.102851 875044
1640204.104039 879645
1640204.105312 884917
1640204.106494 889532
1640204.108058 895101
1640204.108875 899633
1640204.110071 904740
1640204.111330 909317
1640204.112484 914425
1640204.113777 919067
1640204.114908 924233
1640204.116133 928749
1640204.117339 933857
1640204.190175 939584
1640204.191276 945665
1640204.192521 950791
1640204.193677 956405
1640204.195060 961816
1640204.196129 967589
1640204.197424 972517
1640204.198533 977884
1640204.202327 982897
1640204.203312 988237
1640204.204770 993124
1640204.205795 998394
1640204.207044 1003029
1640204.208315 1008303
1640204.209448 1012950
1640204.210730 1018268
1640204.211893 1022927
1640204.213166 1028244
1640204.214347 1032736
1640204.215545 1037691
1640204.216718 1042220
1640204.217892 1047318
1640204.219130 1051971
1640204.220308 1057124
1640204.221637 1061862
1640204.222733 1067064
1640204.223987 1071739
1640204.225217 1077033
1640204.226490 1081368
1640204.227763 1086394
1640204.228929 1089863
1640204.229985 1093914
1640204.231220 1096311
1640204.232547 1099679
1640204.233746 1101591
1640204.234923 1103230
1640204.236103 1104515
1640204.237409 1106904
1640204.238525 1108861
1640204.239827 1109598
1640204.240934 1110070
1640204.242227 1111741
1640204.243439 1112120
1640204.244517 1112254
1640204.245753 1112425
1640204.247013 1112263
1640204.248186 1113237
1640204.249407 1113369
1640204.250645 1113461
1640204.252112 1113821
1640204.253081 1113822
1640204.254339 1113929
1640204.255608 1114120
1640204.256725 1114210
1640204.328193 1112901
1640204.329396 1112934
1640204.330617 1113128
1640204.331853 1113269
1640204.333204 1113589
1640204.334403 1113675
1640204.335408 1114712
1640204.336637 1114552
1640204.337891 1114538
1640204.341548 1114387
1640204.342698 1115362
1640204.344040 1115181
1640204.345269 1113955
1640204.346461 1112812
1640204.347603 1111827
1640204.348871 1110947
1640204.350087 1110231
1640204.351256 1109495
1640204.352553 1108968
1640204.353650 1108411
1640204.354838 1107941
1640204.356074 1107599
1640204.357250 1107222
1640204.358522 1107004
1640204.359817 1106765
1640204.360889 1106531
1640204.362358 1106540
1640204.363502 1106464
1640204.364510 1106121
1640204.365843 1105872
1640204.366931 1105611
1640204.368228 1105410
1640204.369422 1104234
1640204.370642 1102205
1640204.371971 1098430
1640204.373063 1094127
1640204.375566 1090362
1640204.376884 1086067
1640204.377964 1081309
1640204.379194 1076146
1640204.380389 1069628
1640204.381615 1062925
1640204.382793 1056060
1640204.455445 1050053
1640204.456806 1043797
1640204.457975 1036323
1640204.459247 1029783
1640204.462816 1022061
1640204.464157 1014304
1640204.465179 1006516
1640204.466498 1000702
1640204.467753 995615
1640204.468916 992164
1640204.470168 990144
1640204.471402 989376
1640204.472431 987704
1640204.473812 987241
1640204.474866 986836
1640204.476082 988482
1640204.477277 989922
1640204.478480 992182
1640204.479713 994160
1640204.480972 996890
1640204.482145 1000279
1640204.483303 1004245
1640204.484531 1006715
1640204.485751 1009876
1640204.486955 1012642
1640204.488138 1017062
1640204.489421 1020930
1640204.490585 1025314
1640204.491883 1029150
1640204.492992 1033507
1640204.494217 1038319
1640204.495461 1043530
1640204.496628 1047089
1640204.497826 1051203
1640204.499066 1055803
1640204.500366 1060828
1640204.501453 1065225
1640204.502650 1070072
1640204.503902 1074313
1640204.505147 1080024
1640204.506309 1085021
1640204.507546 1090394
1640204.508727 1094095
1640204.509932 1097811
1640204.511189 1101097
1640204.512331 1103788
1640204.513546 1106267
1640204.514758 1107138
1640204.515972 1107784
1640204.517235 1108540
1640204.518405 1108973
1640204.519636 1109562
1640204.520839 1110061
1640204.522109 1110584
1640204.594708 1110987
1640204.595889 1111162
1640204.597139 1111395
1640204.598306 1111491
1640204.601987 1111690
1640204.603181 1111718
1640204.604362 1111874
1640204.605597 1111954
1640204.606828 1111998
1640204.608058 1112102
1640204.609241 1112113
1640204.610398 1112025
1640204.611652 1112213
1640204.612950 1112284
1640204.614167 1112515
1640204.615232 1112550
1640204.616471 1112627
1640204.617675 1112691
1640204.618916 1112781
1640204.620156 1112842
1640204.621292 1112850
1640204.622523 1112937
1640204.623761 1113023
1640204.624985 1113102
1640204.626207 1113192
1640204.627368 1113236
1640204.628622 1113256
1640204.629767 1113253
1640204.631036 1113223
1640204.632539 1113514
1640204.633396 1113446
1640204.634626 1113404
1640204.635844 1113418
1640204.637113 1113501
1640204.638251 1113473
1640204.639488 1113385
1640204.640673 1113405
1640204.641886 1113440
1640204.643152 1113484
1640204.644296 1113403
1640204.645510 1113401
1640204.646721 1113375
1640204.647963 1113414
1640204.649263 1113545
1640204.650365 1113485
1640204.651588 1113532
1640204.652774 1113543
1640204.654025 1113593
1640204.655245 1113643
1640204.656410 1113589
1640204.657621 1113583
1640204.658857 1113580
1640204.660122 1113643
1640204.661278 1113586
1640204.710942 1090605
1640204.712184 1070558
1640204.713371 1052956
1640204.714554 1037566
1640204.717035 1022839
1640204.718274 1010062
1640204.719424 998851
1640204.720618 988999
1640204.721830 980360
1640204.723077 972818
1640204.724257 966216
1640204.725479 960503
1640204.726693 955465
1640204.727927 950990
1640204.729147 947072
1640204.730308 943747
1640204.731545 940837
1640204.732743 938283
1640204.733955 936019
1640204.735176 934019
1640204.736357 932313
1640204.737605 930838
1640204.738800 929505
1640204.740066 928346
1640204.741192 927271
1640204.742474 926452
1640204.743641 925648
1640204.744861 925021
1640204.746134 924475
1640204.747251 923611
1640204.748509 923256
1640204.749700 922906
1640204.750925 922607
1640204.752176 922323
1640204.753313 922078
1640204.754546 921859
1640204.755740 921677
1640204.756979 921546
1640204.758211 921395
1640204.759355 921263
1640204.760588 921168
1640204.761836 921120
1640204.763081 921081
1640204.764242 920908
1640204.765424 920830
1640204.766671 920794
1640204.767886 920791
1640204.769080 920693
1640204.770288 919467
1640204.771511 917171
1640204.772683 913912
1640204.811497 898673
1640204.812685 884453
1640204.813907 869512
1640204.815123 855311
1640204.816299 841604
1640204.817502 828410
1640204.818754 815670
1640204.819915 803300
1640204.821221 791348
1640204.822333 779571
1640204.823620 768124
1640204.824778 756808
1640204.826023 745741
1640204.827196 734845
1640204.828389 724114
1640204.829669 713554
1640204.830893 703061
1640204.832048 692665
1640204.834438 683527
1640204.835684 674398
1640204.836936 665181
1640204.838135 654730
1640204.839324 645524
1640204.840514 637443
1640204.841780 630444
1640204.842950 624286
1640204.844190 618914
1640204.845409 614258
1640204.882954 608910
1640204.884190 604279
1640204.885379 601401
1640204.886538 598842
1640204.887762 596613
1640204.888967 594691
1640204.890179 593018
1640204.891485 591602
1640204.892610 590327
1640204.893817 589092
1640204.895029 588136
1640204.896304 587282
1640204.897518 586590
1640204.898739 585964
1640204.899893 585390
1640204.901119 584921
1640204.902285 584400
1640204.903519 583951
1640204.904753 583639
1640204.908437 584658
1640204.909628 585496
1640204.910833 586181
1640204.912057 586817
1640204.913271 587386
1640204.914458 587884
1640204.915826 588419
1640204.916928 588831
1640204.918197 589211
1640204.919331 589459
1640204.958231 591038
1640204.959390 592344
1640204.960562 593463
1640204.961687 594404
1640204.963031 596556
1640204.964198 598400
1640204.965315 599928
1640204.966752 601484
1640204.967790 602580
1640204.969015 603640
1640204.970276 604623
1640204.971478 605473
1640204.972765 606215
1640204.973919 606807
1640204.975188 607374
1640204.976318 607857
1640204.977518 608255
1640204.978723 608643
1640204.979989 608998
1640204.981116 609204
1640204.984743 609319
1640204.985980 609465
1640204.987210 609618
1640204.988432 609763
1640204.989547 609778
1640204.990822 609885
1640204.992032 609821
1640204.993260 609891
1640204.994513 609937
1640204.995710 610035
1640205.033286 608797
1640205.034394 607648
1640205.035729 606826
1640205.036868 606123
1640205.038182 605478
1640205.039355 604912
1640205.040629 605671
1640205.041810 606426
1640205.043117 606925
1640205.044236 607486
1640205.045492 607992
1640205.046672 608359
1640205.048005 608807
1640205.049100 609007
1640205.050433 609360
1640205.051519 609482
1640205.052696 609641
1640205.054096 609979
1640205.055143 610117
1640205.056322 610155
1640205.057688 610427
1640205.061181 610529
1640205.062369 610568
1640205.063667 610671
1640205.064855 610737
1640205.066076 610904
1640205.067231 610918
1640205.068439 610929
1640205.069704 610968
1640205.070914 610959
1640205.072113 610959
1640205.110922 612200
1640205.112145 613384
1640205.113227 614169
1640205.114514 615003
1640205.115674 615577
1640205.116990 616225
1640205.118282 616810
1640205.119309 617162
1640205.120535 618660
1640205.121821 619978
1640205.122931 621134
1640205.124269 622225
1640205.125398 623132
1640205.126597 623788
1640205.127874 624553
1640205.129117 625122
1640205.130523 625943
1640205.131498 626463
1640205.132707 626740
1640205.133899 627124
1640205.135071 627443
1640205.136293 627576
1640205.139919 627828
1640205.141270 628216
1640205.142354 628331
1640205.143548 628439
1640205.144699 628485
1640205.146014 628669
1640205.147228 628836
1640205.148454 628939
1640205.149658 629023
1640205.150922 629161
1640205.190820 630389
1640205.192098 631520
1640205.193215 632544
1640205.194532 633471
1640205.195651 634234
1640205.196946 634882
1640205.199442 636652
1640205.211485 649217
1640205.212613 660116
1640205.213864 669618
1640205.215056 679100
1640205.216288 687548
1640205.217483 694791
1640205.218753 701270
1640205.219931 706917
1640205.221237 711873
1640205.222317 716061
1640205.223572 719540
1640205.224728 722786
1640205.225952 725643
1640205.227197 728215
1640205.228452 730539
1640205.229638 732533
1640205.233371 734386
1640205.234463 735742
1640205.235748 737129
1640205.236909 738315
1640205.238148 739453
1640205.239249 740225
1640205.240511 740951
1640205.241692 741538
1640205.242856 742010
1640205.244132 742436
1640205.285482 744257
1640205.286531 745622
1640205.287769 746941
1640205.288975 747981
1640205.290376 749175
1640205.291429 749973
1640205.292739 749484
1640205.301109 745387
1640205.302432 742010
1640205.303581 738945
1640205.304868 736360
1640205.305952 733946
1640205.307154 733015
1640205.308336 732213
1640205.309663 731563
1640205.310809 730964
1640205.312040 730360
1640205.313266 729985
1640205.314466 729609
1640205.315727 729378
1640205.316830 729056
1640205.318098 728785
1640205.319288 728479
1640205.320496 728238
1640205.324093 727898
1640205.325410 727817
1640205.326520 727565
1640205.327787 727453
1640205.328907 727236
1640205.330128 727180
1640205.331387 727125
1640205.332628 727141
1640205.333804 727167
1640205.335052 727151
1640205.375145 725877
1640205.376205 724784
1640205.377579 723962
1640205.378590 723044
1640205.380011 722251
1640205.381012 721513
1640205.390685 729213
1640205.393128 728712
1640205.395595 728309
1640205.398009 728086
1640205.400426 729088
1640205.402924 730031
1640205.405261 730737
1640205.407675 731289
1640205.410105 731841
1640205.415060 734884
1640205.417462 735043
1640205.419887 735235
1640205.422331 735506
1640205.424713 735625
1640205.465265 773851
1640205.468422 770359
1640205.470837 767285
1640205.473232 764558
1640205.484086 762362
1640205.486404 760312
1640205.488913 758559
1640205.491311 757009
1640205.493682 755605
1640205.496100 754301
1640205.498533 753253
1640205.501009 752401
1640205.503540 751750
1640205.508382 751062
1640205.510794 752821
1640205.513224 754409
1640205.515710 755877
1640205.518057 757060
1640205.558330 795988
1640205.562840 794016
1640205.565239 791485
1640205.567717 789351
1640205.579867 797207
1640205.582141 795536
1640205.584634 794258
1640205.587083 793079
1640205.589494 792057
1640205.591871 791172
1640205.594257 790363
1640205.596718 789675
1640205.599147 789020
1640205.604079 790850
1640205.606495 789998
1640205.608937 789283
1640205.611325 788615
1640205.613737 787912
1640205.654265 825524
1640205.659731 823706
1640205.662148 819979
1640205.664520 816670
1640205.677892 824694
1640205.680311 821971
1640205.682699 819671
1640205.685114 817626
1640205.687541 815809
1640205.689927 814197
1640205.692310 812810
1640205.694719 811594
1640205.697184 810512
1640205.702177 812129
1640205.704554 811000
1640205.706914 809960
1640205.709371 809103
1640205.711829 808423
1640205.714255 807844
1640205.757867 810427
1640205.760304 809628
1640205.762708 808913
1640205.777156 820369
1640205.779695 819547
1640205.782081 818789
1640205.784487 818149
1640205.786857 817569
1640205.789257 817010
1640205.791724 816608
1640205.794137 816292
1640205.796588 816053
1640205.802511 819310
1640205.804951 819591
1640205.807367 819890
1640205.809792 820212
1640205.812222 820469
1640205.814656 820674
1640205.855310 859080
1640205.860830 854621
1640205.863249 850702
1640205.865698 847317
1640205.881303 845518
1640205.883802 843902
1640205.886091 842385
1640205.888534 841099
1640205.890963 840037
1640205.893414 839157
1640205.895846 838351
1640205.898242 837623
1640205.900739 837032
1640205.905608 835467
1640205.908056 834105
1640205.910527 832968
1640205.912928 831944
1640205.915353 833400
1640205.917788 834734
1640205.958266 873946
1640205.964960 874298
1640205.967363 871473
1640205.969812 869032
1640205.986809 881448
1640205.989260 879142
1640205.991701 877072
1640205.993920 875183
1640205.996340 873529
1640205.998773 872088
1640206.001196 870794
1640206.003589 869627
1640206.006033 868654
1640206.011011 870279
1640206.013481 869295
1640206.015882 868382
1640206.018327 867563
1640206.020695 866813
1640206.023056 866083
1640206.064360 904328
1640206.071432 904412
1640206.073990 900318
1640206.076366 896698
1640206.093435 908166
1640206.095852 903570
1640206.098248 899430
1640206.100486 895659
1640206.102980 892694
1640206.105355 890051
1640206.107823 887775
1640206.110178 885732
1640206.112605 883965
1640206.117637 884990
1640206.120053 883281
1640206.122408 881659
1640206.124849 880332
1640206.127309 879136
1640206.129783 878201
1640206.132145 877467
1640206.177985 881363
1640206.180497 880174
1640206.182972 879041
1640206.201117 893842
1640206.203587 892142
1640206.205874 890530
1640206.208276 889135
1640206.210671 888122
1640206.213217 887233
1640206.215646 886555
1640206.219220 887017
1640206.221578 887479
1640206.226459 890323
1640206.228872 890119
1640206.231306 890030
1640206.233758 890057
1640206.236152 890030
1640206.238687 890077
1640206.241136 890061
1640206.281417 928006
1640206.289577 923562
1640206.291964 919546
1640206.294404 915977
1640206.313826 914142
1640206.316063 912304
1640206.318485 910831
1640206.320930 909589
1640206.323353 908530
1640206.325770 907471
1640206.328221 906570
1640206.330566 904552
1640206.333134 903011
1640206.338063 901699
1640206.340488 900562
1640206.342908 899554
1640206.345339 898659
1640206.347780 897922
1640206.350075 897038
1640206.352653 896387
1640206.393269 936385
1640206.402248 940129
1640206.404651 937626
1640206.407015 935414
1640206.427584 951595
1640206.430012 948759
1640206.432357 946382
1640206.434815 944337
1640206.437174 942468
1640206.439627 940828
1640206.442094 939477
1640206.444454 938204
1640206.446924 937213
1640206.451832 938689
1640206.454349 937556
1640206.456717 936507
1640206.459176 935635
1640206.461588 934849
1640206.464006 934142
1640206.466485 933705
1640206.507344 971589
1640206.517273 974107
1640206.519648 969617
1640206.522087 965771
1640206.543920 981885
1640206.546313 977809
1640206.548768 974239
1640206.551219 971259
1640206.553487 968471
1640206.555932 966104
1640206.558364 964004
1640206.560758 962094
1640206.563260 960575
1640206.568196 961712
1640206.570514 960109
1640206.572985 958630
1640206.575405 957383
1640206.577866 956291
1640206.580306 955396
1640206.582635 954500
1640206.623216 991792
1640206.625082 985508
1640206.634598 979619
1640206.637186 974678
1640206.639459 970186
1640206.662481 967436
1640206.664886 965040
1640206.667435 963039
1640206.669788 961183
1640206.672175 959688
1640206.675823 959584
1640206.678243 959481
1640206.680648 959402
1640206.683097 959274
1640206.687930 959060
1640206.690327 958960
1640206.692840 958868
1640206.695343 958889
1640206.697792 958902
1640206.700194 958882
1640206.702607 958944
1640206.744836 960671
1640206.754474 969900
1640206.756951 970930
1640206.759331 971639
1640206.783531 994194
1640206.785968 993307
1640206.788367 992543
1640206.790799 991765
1640206.793215 991132
1640206.795636 990577
1640206.798089 988944
1640206.800514 987532
1640206.802903 986282
1640206.807764 987582
1640206.810198 986324
1640206.812594 985214
1640206.815038 984182
1640206.817424 983148
1640206.819844 982211
1640206.822256 981400
1640206.863141 1019158
1640206.867076 1013981
1640206.876749 1009482
1640206.879168 1007922
1640206.881584 1006515
1640206.907041 1028356
1640206.909439 1025661
1640206.911861 1023265
1640206.914275 1021218
1640206.916704 1019416
1640206.919146 1017879
1640206.921529 1016482
1640206.923979 1015253
1640206.926400 1014196
1640206.931232 1015712
1640206.933668 1014612
1640206.936101 1013635
1640206.938506 1012799
1640206.940956 1012079
1640206.943333 1011441
1640206.945821 1010951
1640206.986188 1048475
1640206.990629 1044888
1640207.001567 1048736
1640207.004034 1044897
1640207.006445 1041520
1640207.033161 1062874
1640207.035605 1058532
1640207.037957 1054703
1640207.040504 1051477
1640207.042801 1048537
1640207.045224 1045958
1640207.047645 1043671
1640207.050063 1041716
1640207.052499 1039945
1640207.057496 1041014
1640207.059923 1039546
1640207.062363 1038263
1640207.064749 1037096
1640207.067191 1036110
1640207.069617 1035226
1640207.072031 1034492
1640207.112276 1071608
1640207.116787 1068228
1640207.126570 1070596
1640207.129007 1064161
1640207.131357 1058410
1640207.133809 1053432
1640207.161584 1050131
1640207.163941 1047158
1640207.166411 1044677
1640207.170025 1043591
1640207.172488 1042794
1640207.174889 1042069
1640207.177377 1041503
1640207.179701 1040916
1640207.182159 1040424
1640207.186954 1039782
1640207.189458 1039299
1640207.191853 1038831
1640207.194208 1038390
1640207.196701 1038054
1640207.199091 1037725
1640207.201421 1037357
1640207.245123 1040497
1640207.256098 1049684
1640207.258478 1050309
1640207.260987 1050926
1640207.263269 1051384
1640207.292333 1078423
1640207.294760 1076714
1640207.297201 1075298
1640207.299521 1073910
1640207.301995 1071557
1640207.304432 1069500
1640207.306835 1067675
1640207.309252 1066031
1640207.311643 1064627
1640207.316531 1065851
1640207.318921 1064506
1640207.321567 1063478
1640207.323887 1062499
1640207.326318 1061733
1640207.328745 1060987
1640207.331168 1060388
1640207.372291 1098646
1640207.375883 1092038
1640207.388018 1087407
1640207.390407 1083368
1640207.392724 1079643
1640207.395199 1076570
1640207.425465 1104091
1640207.427952 1101633
1640207.430308 1099412
1640207.432773 1097427
1640207.435881 1096543
1640207.437559 1094956
1640207.439985 1093580
1640207.442415 1092374
1640207.444891 1091404
1640207.449692 1092982
1640207.452210 1091982
1640207.454630 1091132
1640207.457093 1090206
1640207.459559 1089538
1640207.461983 1088948
1640207.464334 1088357
1640207.505291 1126373
1640207.509188 1122444
1640207.522407 1128619
1640207.524868 1124337
1640207.527443 1120749
1640207.529690 1117561
1640207.561399 1144018
1640207.563622 1139128
1640207.566011 1134756
1640207.568464 1131020
1640207.570860 1127684
1640207.573344 1124137
1640207.575688 1121709
1640207.578149 1119597
1640207.580576 1117767
1640207.585484 1118595
1640207.587931 1116964
1640207.590307 1115354
1640207.592720 1113976
1640207.595221 1112742
1640207.597670 1111656
1640207.600074 1110738
1640207.640427 1147891
1640207.644938 1144003
1640207.657048 1148810
1640207.659455 1142180
1640207.661867 1136328
1640207.664146 1130906
1640207.696864 1156611
1640207.699286 1149855
1640207.701694 1144146
1640207.704149 1139232
1640207.706520 1134862
1640207.708962 1131072
1640207.711402 1127703
1640207.713820 1124836
1640207.716351 1122395
1640207.718780 1120277
1640207.723787 1118504
1640207.726077 1116791
1640207.728487 1115326
1640207.730973 1114137
1640207.733373 1112974
1640207.735821 1111959
1640207.738229 1111071
1640207.781701 1113425
1640207.793852 1123063
1640207.796237 1121793
1640207.798734 1120778
1640207.800964 1119711
1640207.833707 1149250
1640207.836154 1144797
1640207.838595 1140942
1640207.841025 1137580
1640207.843442 1134613
1640207.845835 1132041
1640207.848258 1129737
1640207.850693 1127713
1640207.853073 1125931
1640207.855611 1124372
1640207.861553 1126528
1640207.863991 1125820
1640207.866453 1125384
1640207.868904 1125054
1640207.871273 1124584
1640207.873764 1124309
1640207.876086 1123921
1640207.917398 1162501
1640207.922279 1157730
1640207.934327 1153457
1640207.936811 1149821
1640207.939155 1146480
1640207.941653 1143830
1640207.975468 1142587
1640207.976671 1140233
1640207.977821 1136893
1640207.979059 1135181
1640207.980261 1132480
1640207.981406 1131225
1640207.982679 1129027
1640207.983920 1128317
1640207.985119 1126530
1640207.986286 1126107
1640207.987545 1124599
1640207.988735 1124444
1640207.989949 1123112
1640207.991196 1123162
1640207.992347 1122010
1640207.993631 1122258
1640207.994873 1121198
1640207.996048 1121414
1640207.999650 1119305
1640208.000884 1118668
1640208.002138 1116950
1640208.003262 1116548
1640208.004495 1114990
1640208.005750 1114855
1640208.006973 1113528
1640208.008148 1113509
1640208.009356 1112373
1640208.010515 1112513
1640208.011761 1111413
1640208.013002 1111658
1640208.014231 1110815
1640208.015509 1111328
1640208.055424 1110378
1640208.061553 1110811
1640208.062677 1112284
1640208.073676 1112554
1640208.074743 1113829
1640208.075979 1113727
1640208.077311 1114941
1640208.078397 1114774
1640208.079588 1115767
1640208.080804 1115407
1640208.082040 1116303
1640208.114661 1115915
1640208.115910 1116796
1640208.117169 1117656
1640208.118414 1118949
1640208.119609 1118403
1640208.120858 1116603
1640208.122029 1113899
1640208.123277 1110360
1640208.124466 1106046
1640208.125699 1101107
1640208.126903 1095455
1640208.130502 1089341
1640208.131743 1082746
1640208.132898 1075766
1640208.134132 1068409
1640208.135400 1060862
1640208.136531 1052989
1640208.137730 1044816
1640208.179059 1037788
1640208.184954 1030298
1640208.197038 1023762
1640208.220109 1036276
1640208.222519 1013319
1640208.224925 993130
1640208.227391 975478
1640208.229751 961188
1640208.232210 948744
1640208.237015 940224
1640208.239442 930343
1640208.241842 921725
1640208.244334 914279
1640208.290499 911398
1640208.302580 902986
1640208.321976 891953
1640208.324287 882193
1640208.326734 873686
1640208.329095 866126
1640208.331541 859612
1640208.333934 853837
1640208.340006 850069
1640208.342484 846815
1640208.344906 844003
1640208.347316 841453
1640208.394633 840352
1640208.406719 851421
1640208.425943 868256
1640208.428399 866037
1640208.430787 864208
1640208.433282 862622
1640208.435687 861316
1640208.438093 860137
1640208.442945 861564
1640208.445356 859141
1640208.447899 857060
1640208.450386 855309
1640208.491233 892229
1640208.500008 886029
1640208.512034 880562
1640208.532550 877071
1640208.535063 874062
1640208.537415 871393
1640208.539838 868985
1640208.542249 866883
1640208.544670 865055
1640208.549445 863382
1640208.553546 863608
1640208.554394 862106
1640208.556885 860796
1640208.607998 869929
1640208.619751 880860
1640208.622080 880713
1640208.643820 881850
1640208.646176 882686
1640208.648699 883599
1640208.651090 884364
1640208.653485 885017
1640208.655950 885632
1640208.660829 886288
1640208.663301 885235
1640208.665977 886135
1640208.668154 886608
1640208.716470 884193
1640208.728604 882496
1640208.731024 881098
1640208.754105 881203
1640208.756442 881292
1640208.758854 881248
1640208.761326 881283
1640208.763703 881298
1640208.766165 881310
1640208.770972 881258
1640208.773766 881531
1640208.775809 881133
1640208.778413 881206
1640208.827862 882408
1640208.839970 883434
1640208.842362 884301
1640208.866597 886221
1640208.869077 890339
1640208.871525 894068
1640208.873865 897255
1640208.876346 900053
1640208.879931 903711
1640208.884752 909290
1640208.887222 911834
1640208.889730 913757
1640208.892026 915698
1640208.933217 955964
1640208.941728 950310
1640208.953809 945340
1640208.956264 941052
1640208.981680 938481
1640208.984098 936169
1640208.986494 934087
1640208.988917 932347
1640208.991330 930756
1640208.995031 929483
1640208.999830 928347
1640209.002253 927307
1640209.004663 926296
1640209.007242 925695
1640209.056716 933407
1640209.068875 943828
1640209.071324 943317
1640209.098261 967321
1640209.100421 965099
1640209.102870 963165
1640209.105326 961580
1640209.107762 960206
1640209.111335 960168
1640209.113724 958817
1640209.118619 957727
1640209.120975 956692
1640209.123394 955809
1640209.125894 954933
1640209.176628 955456
1640209.188750 955877
1640209.191222 956274
1640209.216664 955097
1640209.219043 954286
1640209.221750 953834
1640209.224877 954109
1640209.226410 953452
1640209.228757 951653
1640209.231263 950196
1640209.236099 948863
1640209.238483 947738
1640209.240925 946756
1640209.243353 945833
1640209.296592 947538
1640209.308708 949024
1640209.311154 950299
1640209.336662 951476
1640209.339085 952551
1640209.341525 953224
1640209.343888 953043
1640209.347568 956522
1640209.349917 960420
1640209.352302 963858
1640209.357223 969280
1640209.359632 971602
1640209.362010 973630
1640209.364539 975491
1640209.405470 1015624
1640209.417817 1009861
1640209.429866 1004755
1640209.432317 1000281
1640209.459115 997661
1640209.461537 995368
1640209.463946 993322
1640209.466363 991595
1640209.469862 989892
1640209.472325 988521
1640209.474740 987360
1640209.479663 986331
1640209.482075 985446
1640209.484354 984575
1640209.486814 983731
1640209.540061 995317
1640209.552274 1005275
1640209.554688 1004377
1640209.582502 1028943
1640209.584916 1026029
1640209.587392 1023552
1640209.589684 1021275
1640209.593420 1020602
1640209.595850 1018897
1640209.598268 1017435
1640209.600695 1016167
1640209.605536 1014977
1640209.608191 1014177
1640209.610315 1013323
1640209.612896 1012700
1640209.666105 1012122
1640209.678195 1011492
1640209.680612 1010945
1640209.709789 1011821
1640209.712242 1012625
1640209.714648 1013244
1640209.717114 1013980
1640209.719510 1013280
1640209.721899 1012622
1640209.724369 1012104
1640209.728627 1013484
1640209.731664 1012880
1640209.734060 1012009
1640209.736395 1011551
1640209.738890 1011054
1640209.793920 1012444
1640209.806019 1013673
1640209.808408 1014720
1640209.838691 1016743
1640209.841140 1018511
1640209.843556 1020064
1640209.847229 1022628
1640209.849593 1024840
1640209.852123 1026916
1640209.854449 1028586
1640209.856911 1032383
1640209.861665 1036176
1640209.864127 1039051
1640209.866533 1041584
1640209.869039 1043976
1640209.910372 1084893
1640209.923627 1078950
1640209.935585 1073612
1640209.938008 1068975
1640209.967371 1064000
1640209.969585 1059419
1640209.973209 1056613
1640209.975594 1052875
1640209.977992 1049639
1640209.980456 1046742
1640209.982834 1044261
1640209.985278 1042068
1640209.990175 1040293
1640209.992681 1038784
1640209.995130 1037493
1640209.997515 1036256
1640210.053054 1049390
1640210.065215 1059685
1640210.067624 1059202
1640210.097947 1086683
1640210.100314 1083691
1640210.105219 1083802
1640210.107643 1082696
1640210.110056 1081758
1640210.112446 1080927
1640210.114900 1080188
1640210.117387 1079664
1640210.119803 1079148
1640210.124565 1078605
1640210.127045 1078104
1640210.129468 1077640
1640210.131815 1077196
1640210.185106 1074568
1640210.198490 1073489
1640210.200868 1072519
1640210.229906 1070390
1640210.232365 1068617
1640210.237213 1067009
1640210.239740 1065706
1640210.242005 1064418
1640210.244487 1063365
1640210.246899 1062418
1640210.249382 1061584
1640210.251821 1060878
1640210.256690 1060371
1640210.259267 1060021
1640210.261432 1059453
1640210.263958 1059138
1640210.319680 1061288
1640210.331842 1061938
1640210.334286 1062575
1640210.364595 1064408
1640210.366949 1065911
1640210.371782 1067211
1640210.374187 1068221
1640210.376487 1069144
1640210.379170 1070149
1640210.381315 1070759
1640210.383867 1071361
1640210.386245 1071829
1640210.391154 1072275
1640210.393579 1075049
1640210.395951 1077294
1640210.398280 1079400
1640210.439557 1119979
1640210.456611 1116873
1640210.468582 1113963
1640210.471120 1111503
1640210.502627 1110560
1640210.504955 1109705
1640210.509887 1109058
1640210.512331 1108529
1640210.514778 1108227
1640210.517195 1107698
1640210.519488 1107383
1640210.521836 1106905
1640210.524336 1106607
1640210.529195 1106293
1640210.531670 1106064
1640210.534114 1105934
1640210.536502 1105886
1640210.594676 1122736
1640210.606799 1132512
1640210.609245 1131549
1640210.641732 1160628
1640210.644181 1157066
1640210.649114 1156527
1640210.651511 1153518
1640210.653881 1150810
1640210.656318 1148428
1640210.658780 1146386
1640210.661245 1144782
1640210.663765 1143551
1640210.668455 1144672
1640210.670995 1143330
1640210.673397 1142080
1640210.674503 1139638
1640210.675850 1136502
1640210.676988 1134866
1640210.731361 1129655
1640210.732610 1126314
1640210.743530 1122219
1640210.744878 1119955
1640210.745884 1116564
1640210.747238 1114920
1640210.779867 1113652
1640210.781204 1113853
1640210.782256 1112656
1640210.783579 1112901
1640210.788483 1113099
1640210.789597 1114355
1640210.790894 1114404
1640210.791952 1115478
1640210.793306 1115424
1640210.794342 1116385
1640210.795731 1116208
1640210.796871 1117167
1640210.798173 1116871
1640210.799263 1117664
1640210.800514 1117178
1640210.801772 1117980
1640210.802926 1117346
1640210.804138 1117961
1640210.807822 1117538
1640210.808967 1118282
1640210.810187 1117641
1640210.811398 1118258
1640210.812616 1117634
1640210.813923 1118363
1640210.815036 1119053
1640210.816255 1120172
1640210.871997 1120751
1640210.882929 1120028
1640210.884053 1118159
1640210.918066 1116553
1640210.919183 1113873
1640210.922920 1109034
1640210.924045 1103517
1640210.925359 1097589
1640210.926469 1091089
1640210.927813 1084305
1640210.928896 1077113
1640210.930207 1069717
1640210.933799 1061940
1640210.935038 1054011
1640210.937439 1045733
1640210.978300 1077020
1640210.996806 1067158
1640211.008842 1059641
1640211.042806 1051889
1640211.048011 1045456
1640211.049933 1039296
1640211.052400 1033928
1640211.057304 1031739
1640211.059767 1027457
1640211.100315 1061795
1640211.121401 1072132
1640211.133722 1074924
1640211.168618 1100276
1640211.173476 1093337
1640211.176070 1084648
1640211.178277 1077368
1640211.180764 1071017
1640211.185653 1065450
1640211.188062 1060521
1640211.246191 1073804
1640211.258292 1076404
1640211.295894 1103952
1640211.300652 1097929
1640211.303064 1090220
1640211.305662 1083474
1640211.307909 1077610
1640211.312614 1074698
1640211.315051 1069685
1640211.356203 1104043
1640211.375557 1095377
1640211.387643 1087752
1640211.425338 1081182
1640211.431206 1076544
1640211.433652 1072506
1640211.436111 1068807
1640211.438548 1067944
1640211.443339 1069784
1640211.445764 1069148
1640211.486283 1106682
1640211.505249 1117369
1640211.517444 1119524
1640211.554877 1146774
1640211.559732 1137775
1640211.562509 1126742
1640211.564569 1116755
1640211.567200 1108214
1640211.571804 1102906
1640211.574212 1095874
1640211.615213 1128302
1640211.634817 1135768
1640211.648326 1136802
1640211.688099 1165271
1640211.692943 1157598
1640211.695397 1148502
1640211.698010 1140348
1640211.700237 1133411
1640211.702605 1127064
1640211.707451 1121786
1640211.709841 1117166
1640211.767994 1130275
1640211.780029 1134145
1640211.820090 1164090
1640211.824856 1155298
1640211.827328 1145220
1640211.829750 1136323
1640211.832128 1128345
1640211.834593 1121602
1640211.839444 1118174
1640211.841879 1112783
1640211.882421 1146204
1640211.903021 1137928
1640211.915715 1131347
1640211.955704 1125520
1640211.960635 1120584
1640211.963042 1116201
1640211.965481 1112383
1640211.968022 1109204
1640211.970272 1106212
1640211.975243 1103705
1640211.977616 1103852
1640212.018224 1142176
1640212.038156 1155122
1640212.052598 1160242
1640212.093801 1193257
1640212.098607 1186964
1640212.101087 1179004
1640212.103469 1172015
1640212.105895 1165872
1640212.108533 1160584
1640212.113282 1158463
1640212.115700 1154041
1640212.154351 1186458
1640212.177347 1177321
1640212.193160 1170697
1640212.237101 1167641
1640212.238326 1161367
1640212.239649 1154738
1640212.240789 1150053
1640212.241984 1144792
1640212.243254 1141441
1640212.244387 1137230
1640212.245637 1134766
1640212.246759 1131123
1640212.248043 1129199
1640212.251696 1126446
1640212.252825 1125148
1640212.254220 1122996
1640212.255313 1122187
1640212.292765 1120303
1640212.294109 1119983
1640212.314687 1117299
1640212.315934 1116170
1640212.329138 1112576
1640212.330436 1110703
1640212.375229 1109944
1640212.376517 1110511
1640212.377709 1111040
1640212.378928 1111160
1640212.380095 1110327
1640212.381327 1108427
1640212.382458 1105528
1640212.386129 1101727
1640212.387230 1096986
1640212.426150 1093206
1640212.446734 1088556
1640212.460056 1083361
1640212.503644 1075022
1640212.505185 1068076
1640212.505923 1061517
1640212.507141 1055836
1640212.508489 1050979
1640212.509582 1046677
1640212.513224 1042913
1640212.514377 1039672
1640212.554380 1037899
1640212.575061 1036443
1640212.588371 1035158
1640212.589564 1035193
1640212.635595 1037711
1640212.638046 1040828
1640212.640414 1043965
1640212.645286 1049143
1640212.686181 1089784
1640212.706898 1106054
1640212.721459 1100861
1640212.768650 1096268
1640212.771129 1092282
1640212.773567 1088866
1640212.778370 1085801
1640212.840265 1104142
1640212.854769 1113960
1640212.895291 1148499
1640212.903623 1139875
1640212.905917 1132152
1640212.908531 1125574
1640212.913289 1119779
1640212.973898 1113401
1640212.988347 1107779
1640213.037940 1111894
1640213.040405 1109609
1640213.042868 1107832
1640213.045252 1106052
1640213.051301 1105783
1640213.110706 1104328
1640213.125278 1103173
1640213.176196 1103488
1640213.178566 1103668
1640213.181030 1103826
1640213.183425 1103963
1640213.190672 1105297
1640213.248685 1105070
1640213.263211 1104836
1640213.312919 1103418
1640213.315371 1102259
1640213.317809 1101210
1640213.320227 1102647
1640213.327504 1108794
1640213.368291 1147749
1640213.388117 1143681
1640213.402700 1140181
1640213.453353 1138059
1640213.455800 1136207
1640213.458210 1134557
1640213.460625 1133106
1640213.467862 1131794
1640213.527271 1149266
1640213.536854 1154282
1640213.577211 1184440
1640213.586617 1169621
1640213.589046 1156637
1640213.591397 1145216
1640213.594419 1135825
1640213.598795 1131943
1640213.630275 1152808
1640213.638758 1120130
1640213.680490 1123714
1640213.689581 1095553
1640213.691989 1063907
1640213.694410 1036210
1640213.696782 1011969
1640213.701741 992741
1640213.734488 1004263
1640213.742826 991223
1640213.784209 1012709
1640213.792733 989241
1640213.794935 970881
1640213.797398 954868
1640213.799752 940783
1640213.804687 931030
1640213.807242 920094
1640213.838708 909259
1640213.848219 900967
1640213.890650 894731
1640213.900322 890440
1640213.902785 886918
1640213.905196 883795
1640213.910038 883551
1640213.912459 880831
1640213.945149 908574
1640213.954795 911036
1640213.996190 945072
1640213.999607 935864
1640214.009227 927757
1640214.011718 920690
1640214.014079 914457
1640214.018913 908995
1640214.021405 904287
1640214.053108 899183
1640214.062803 904358
1640214.103354 939815
1640214.109981 936109
1640214.119706 939160
1640214.122111 934604
1640214.124384 930400
1640214.129373 929331
1640214.131807 926013
1640214.164345 953139
1640214.174201 954973
1640214.212975 985696
1640214.220228 972689
1640214.229984 961339
1640214.232385 951420
1640214.234619 942704
1640214.239677 935124
1640214.241918 928303
1640214.275882 923765
1640214.285605 919659
1640214.325482 955883
1640214.332875 956232
1640214.342489 958902
1640214.344848 953788
1640214.347463 949563
1640214.352151 948325
1640214.354597 944606
1640214.389823 974365
1640214.399538 976151
1640214.440497 1008955
1640214.447860 1005140
1640214.457577 1004123
1640214.460001 996052
1640214.462495 989112
1640214.467168 985056
1640214.469731 979421
1640214.503563 1005894
1640214.513268 1003501
1640214.555399 1033841
1640214.556822 1020897
1640214.565423 1010802
1640214.574966 1011453
1640214.577396 1004760
1640214.579842 998933
1640214.584801 996300
1640214.587233 991761
1640214.622210 1020189
1640214.631878 1020902
1640214.673084 1053034
1640214.675725 1040268
1640214.682875 1027643
1640214.692515 1016697
1640214.694935 1007108
1640214.697303 998641
1640214.702112 991079
1640214.704748 984669
1640214.741010 980349
1640214.750552 976448
1640214.791740 972993
1640214.794208 969823
1640214.801457 967148
1640214.812412 966113
1640214.814791 967536
1640214.817403 968972
1640214.822102 972590
1640214.824640 973485
1640214.862192 1009183
1640214.871919 1013881
1640214.913088 1049625
1640214.915403 1042001
1640214.922807 1040251
1640214.934868 1043533
1640214.937297 1037887
1640214.939720 1033010
1640214.944599 1030991
1640214.946824 1026728
1640214.983179 1056824
1640214.992911 1055331
1640215.034498 1085844
1640215.036534 1073515
1640215.038961 1062824
1640215.046196 1053311
1640215.058351 1045093
1640215.060767 1037877
1640215.063132 1031504
1640215.068102 1030840
1640215.070522 1027729
1640215.109123 1061516
1640215.118793 1064382
1640215.160007 1098373
1640215.162385 1086886
1640215.164813 1076840
1640215.172095 1068094
1640215.184369 1060556
1640215.186652 1053821
1640215.189065 1047989
1640215.194016 1042865
1640215.196330 1038275
1640215.235208 1034541
1640215.244948 1031345
1640215.287266 1029653
1640215.289681 1028204
1640215.292235 1027070
1640215.299387 1025942
1640215.311564 1024857
1640215.313970 1024032
1640215.316452 1023383
1640215.321218 1022621
1640215.323709 1024387
1640215.363587 1063530
1640215.373115 1068402
1640215.415545 1105364
1640215.418050 1097889
1640215.420534 1091401
1640215.427780 1090415
1640215.439885 1094513
1640215.442302 1088359
1640215.444733 1082975
1640215.449455 1080486
1640215.452054 1076187
1640215.490567 1108390
1640215.500308 1106498
1640215.543421 1138437
1640215.545250 1125795
1640215.547533 1114508
1640215.550152 1104769
1640215.557361 1096211
1640215.569431 1088706
1640215.571714 1082006
1640215.574148 1076140
1640215.578947 1071089
1640215.581440 1066563
1640215.621328 1063976
1640215.631160 1071467
1640215.673187 1110360
1640215.676127 1104236
1640215.678607 1099503
1640215.681040 1095509
1640215.688224 1096577
1640215.700316 1102419
1640215.702746 1097871
1640215.705204 1094075
1640215.710025 1093123
1640215.712413 1089896
1640215.753241 1125413
1640215.754824 1118216
1640215.765737 1112999
1640215.809431 1110100
1640215.811905 1107080
1640215.814379 1104430
1640215.821584 1106869
1640215.833665 1113919
1640215.836129 1110458
1640215.838589 1107460
1640215.843404 1107194
1640215.845834 1104563
1640215.886238 1140285
1640215.888345 1132830
1640215.890723 1127084
1640215.901529 1121966
1640215.946290 1118542
1640215.948739 1115519
1640215.951140 1112802
1640215.958617 1110701
1640215.970622 1108796
1640215.972974 1107018
1640215.975382 1105402
1640215.980210 1103982
1640215.982685 1102790
1640216.023965 1102649
1640216.026384 1102759
1640216.037403 1111532
1640216.078397 1149379
1640216.083555 1142935
1640216.086088 1137389
1640216.088327 1132374
1640216.095614 1127788
1640216.107840 1123995
1640216.110087 1120573
1640216.112600 1117668
1640216.117342 1115059
1640216.119792 1112750
1640216.160922 1110580
1640216.163290 1108626
1640216.175496 1108110
1640216.216301 1148410
1640216.221546 1147984
1640216.223977 1144850
1640216.226356 1141933
1640216.233664 1144477
1640216.245755 1151496
1640216.248316 1147976
1640216.253133 1147465
1640216.256103 1147480
1640216.260048 1146702
1640216.298296 1181818
1640216.303156 1176299
1640216.305586 1171531
1640216.318948 1168507
1640216.362508 1168620
1640216.364921 1165849
1640216.367353 1163426
1640216.374661 1166247
1640216.386821 1173550
1640216.389468 1170484
1640216.391620 1167475
1640216.396437 1164804
1640216.398760 1161801
1640216.435190 1191677
1640216.440010 1179541
1640216.442582 1169062
1640216.456937 1160876
1640216.498386 1195114
1640216.503016 1186204
1640216.505425 1178403
1640216.507807 1171527
1640216.515115 1165512
1640216.524964 1157934
1640216.527267 1150962
1640216.529634 1145072
1640216.533626 1139097
1640216.535693 1133614
1640216.555087 1111786
1640216.558675 1091447
1640216.561169 1073579
1640216.573353 1055764
1640216.591424 1016807
1640216.594053 980674
1640216.596229 948832
1640216.598667 921019
1640216.604734 895461
1640216.607131 865581
1640216.609574 839627
1640216.613278 818259
1640216.615675 797965
1640216.633751 796210
1640216.638790 780318
1640216.641193 765242
1640216.661642 769989
1640216.681176 781506
1640216.683569 775897
1640216.685881 770711
1640216.688292 766404
1640216.690719 762625
1640216.695621 758155
1640216.698072 754294
1640216.700507 750910
1640216.705249 748992
1640216.707774 747440
1640216.725807 746038
1640216.730729 744686
1640216.733144 743513
1640216.753654 742559
1640216.773234 741765
1640216.775520 740970
1640216.777917 740358
1640216.780349 739841
1640216.782795 739406
1640216.787651 738970
1640216.790165 738655
1640216.792541 738320
1640216.797395 738145
1640216.799768 737841
1640216.819091 738865
1640216.824075 739824
1640216.826370 740537
1640216.845826 740112
1640216.865253 739589
1640216.867724 739310
1640216.870014 738954
1640216.872475 741046
1640216.874880 742878
1640216.879782 746937
1640216.882328 748191
1640216.884554 749006
1640216.889621 752409
1640216.891768 752678
1640216.914999 773774
1640216.919757 777665
1640216.922373 778685
1640216.941526 796449
1640216.961026 812024
1640216.963249 808444
1640216.965756 805355
1640216.968054 802674
1640216.970509 800306
1640216.975345 800667
1640216.977764 798512
1640216.980231 796541
1640216.985138 797474
1640216.987575 795665
1640217.009315 813624
1640217.014255 811096
1640217.016632 806522
1640217.036207 819450
1640217.055495 830923
1640217.057912 823887
1640217.060186 817775
1640217.062539 812271
1640217.065208 807824
1640217.067572 803831
1640217.072311 800282
1640217.074769 797215
1640217.077211 794493
1640217.081973 791979
1640217.084382 789749
1640217.106233 787907
1640217.111141 786264
1640217.113441 784752
1640217.135294 785679
1640217.154658 786590
1640217.157309 787619
1640217.159527 788464
1640217.162178 789506
1640217.164322 789887
1640217.166753 790289
1640217.171775 790932
1640217.174058 791313
1640217.176461 791596
1640217.181307 791863
1640217.183829 792302
1640217.205572 792566
1640217.210481 792812
1640217.212718 792945
1640217.234558 793048
1640217.254072 793291
1640217.256467 793218
1640217.259024 793519
1640217.261337 793418
1640217.263684 793563
1640217.266075 793650
1640217.270970 793587
1640217.273455 795859
1640217.275848 798106
1640217.280616 802437
1640217.283235 803990
1640217.306148 825741
1640217.311032 827907
1640217.313304 827165
1640217.337600 848589
1640217.356972 864865
1640217.359494 862010
1640217.361780 859473
1640217.364206 857123
1640217.366600 855137
1640217.369160 853615
1640217.373850 854591
1640217.376374 853072
1640217.378816 851703
1640217.383635 852947
1640217.386013 851632
1640217.407876 869714
1640217.412764 867556
1640217.415159 863117
1640217.439347 881217
1640217.458792 892195
1640217.461086 884732
1640217.463676 878256
1640217.465949 872516
1640217.468311 867495
1640217.470949 863324
1640217.475589 861780
1640217.478166 858301
1640217.480551 855117
1640217.482874 852212
1640217.487824 849843
1640217.490348 847914
1640217.511948 845957
1640217.516915 844323
1640217.519250 842831
1640217.544706 842799
1640217.564152 842774
1640217.566513 842811
1640217.568922 842660
1640217.571562 842901
1640217.573682 842874
1640217.576277 842808
1640217.581115 842942
1640217.583494 842863
1640217.585886 842804
1640217.588445 842989
1640217.594298 844050
1640217.596720 844868
1640217.618581 845852
1640217.623470 846634
1640217.626069 847581
1640217.650132 847017
1640217.669652 846596
1640217.671791 846004
1640217.674398 845689
1640217.676794 845145
1640217.679216 844999
1640217.681569 844620
1640217.686522 844391
1640217.688892 844197
1640217.691258 844009
1640217.693620 843641
1640217.701098 844943
1640217.703362 848296
1640217.726457 871935
1640217.731158 875445
1640217.733552 876032
1640217.758958 899317
1640217.778495 915202
1640217.780763 911828
1640217.783272 909257
1640217.785673 906797
1640217.788195 904773
1640217.790712 903113
1640217.795297 903894
1640217.797979 902299
1640217.800257 900811
1640217.802784 899640
1640217.810076 903579
1640217.812499 901973
1640217.835491 921266
1640217.840257 919829
1640217.842692 916322
1640217.869242 937407
1640217.888617 949838
1640217.891168 943720
1640217.893438 938381
1640217.895796 933543
1640217.898390 929507
1640217.900795 925851
1640217.905579 924926
1640217.907989 921949
1640217.910348 919004
1640217.912751 916553
1640217.920080 919211
1640217.922450 916611
1640217.944315 933791
1640217.946743 928258
1640217.951556 923491
1640217.954032 919363
1640217.981829 917001
1640218.001322 915060
1640218.003662 913151
1640218.006123 911672
1640218.008483 910380
1640218.011123 909295
1640218.013349 908167
1640218.018331 907381
1640218.020639 906539
1640218.023068 905922
1640218.025603 905513
1640218.032721 904947
1640218.035152 904512
1640218.058175 905281
1640218.060531 905882
1640218.065366 906432
1640218.067800 906867
1640218.094439 906092
1640218.113873 905356
1640218.116270 904770
1640218.118751 904257
1640218.121178 903895
1640218.123522 903284
1640218.126224 903224
1640218.130889 902855
1640218.133472 902807
1640218.135771 902637
1640218.138133 902314
1640218.145761 902542
1640218.147859 902409
1640218.173371 904784
1640218.175876 907010
1640218.180610 908854
1640218.183075 912894
1640218.209728 940644
1640218.230148 958738
1640218.232721 957655
1640218.235162 956783
1640218.237376 955771
1640218.239950 955007
1640218.242250 954320
1640218.247248 955989
1640218.249729 955261
1640218.252057 954367
1640218.254512 953744
1640218.261782 958103
1640218.264194 956699
1640218.289644 978836
1640218.292101 975136
1640218.296793 974021
1640218.299219 970813
1640218.325800 992103
1640218.347679 1005984
1640218.350020 1000047
1640218.352447 994702
1640218.354857 989998
1640218.357304 986118
1640218.359708 982547
1640218.364572 981988
1640218.367018 978941
1640218.369476 976256
1640218.372023 974127
1640218.379194 976988
1640218.381612 974630
1640218.684397 967158
1640218.686853 967300
1640218.709840 968613
1640218.712381 972245
1640218.714802 975215
1640218.717192 978177
1640218.719733 980781
1640218.721978 982878
1640218.728139 988409
1640218.730439 989592
1640218.732781 990595
1640218.735216 991251
1640218.742489 996890
1640218.745033 997075
1640218.770340 1020133
1640218.772766 1017216
1640218.777611 1017030
1640218.780164 1014523
1640218.806790 1036623
1640218.809091 1031670
1640218.833379 1049172
1640218.835919 1044037
1640218.838178 1039272
1640218.840593 1035097
1640218.843135 1031599
1640218.846728 1029592
1640218.851661 1030526
1640218.853913 1027425
1640218.856322 1024824
1640218.858707 1022596
1640218.866012 1025519
1640218.868523 1023314
1640218.895237 1045512
1640218.897614 1042023
1640218.902483 1041417
1640218.904821 1038381
1640218.931469 1059825
1640218.933880 1054377
1640218.959340 1072750
1640218.961784 1067003
1640218.964174 1061824
1640218.966638 1057491
1640218.969126 1053810
1640218.971487 1050409
1640218.973885 1046242
1640218.978761 1042535
1640218.981412 1039693
1640218.983638 1037025
1640218.985975 1034645
1640218.993249 1032529
1640218.995714 1030630
1640219.022254 1028786
1640219.024793 1027336
1640219.030723 1027129
1640219.033136 1027024
1640219.059880 1027028
1640219.062352 1027094
1640219.086529 1025869
1640219.089043 1024868
1640219.091481 1024044
1640219.093890 1023269
1640219.096335 1022548
1640219.099903 1023126
1640219.102193 1023523
1640219.107102 1023902
1640219.109472 1023935
1640219.111941 1024226
1640219.114328 1024532
1640219.121602 1024800
1640219.124192 1025159
1640219.151866 1026608
1640219.154279 1027750
1640219.159126 1027667
1640219.161559 1027612
1640219.188199 1027448
1640219.190616 1027220
1640219.216155 1028405
1640219.218526 1029296
1640219.220943 1030054
1640219.223405 1030771
1640219.225773 1031316
1640219.229410 1035347
1640219.231829 1037783
1640219.236676 1042483
1640219.239092 1044098
1640219.241501 1045555
1640219.243906 1046685
1640219.251364 1052818
1640219.253779 1053327
1640219.280420 1077833
1640219.282806 1073981
1640219.287618 1073003
1640219.289970 1069670
1640219.317897 1092247
1640219.320350 1087818
1640219.346877 1108047
1640219.349251 1102565
1640219.351681 1097831
1640219.354103 1093712
1640219.357744 1091271
1640219.360277 1089281
1640219.362630 1086277
1640219.367443 1086044
1640219.369820 1083362
1640219.372279 1081070
1640219.374746 1079106
1640219.382036 1082297
1640219.384406 1079954
1640219.411131 1102240
1640219.413525 1097475
1640219.418389 1095789
1640219.420718 1091846
1640219.449828 1115136
1640219.452255 1110031
1640219.480238 1131090
1640219.482705 1125483
1640219.485045 1120522
1640219.487534 1116243
1640219.489799 1112343
1640219.492320 1107831
1640219.494743 1103774
1640219.497158 1100280
1640219.501959 1097239
1640219.504387 1094630
1640219.506849 1092350
1640219.509220 1090256
1640219.516526 1088440
1640219.518860 1086815
1640219.545614 1085423
1640219.547996 1084194
1640219.552914 1083173
1640219.555342 1082379
1640219.585498 1082721
1640219.587918 1083011
1640219.614555 1081922
1640219.617053 1081000
1640219.619424 1080210
1640219.621896 1079462
1640219.625438 1080143
1640219.627847 1080623
1640219.630234 1081007
1640219.632736 1081431
1640219.637527 1081792
1640219.639977 1082128
1640219.642646 1082630
1640219.644899 1082952
1640219.652194 1083221
1640219.655838 1084769
1640219.682434 1085958
1640219.684871 1087055
1640219.689656 1087884
1640219.692116 1088640
1640219.721156 1088185
1640219.723597 1087809
1640219.751543 1088786
1640219.753952 1089548
1640219.756386 1090280
1640219.758753 1090817
1640219.762346 1091336
1640219.764769 1091805
1640219.767173 1092235
1640219.769565 1092501
1640219.774422 1092810
1640219.776828 1095448
1640219.779276 1097762
1640219.781770 1099604
1640219.789038 1106236
1640219.791358 1107023
1640219.818104 1130833
1640219.820498 1127471
1640219.825342 1126933
1640219.827681 1124033
1640219.857978 1149322
1640219.860444 1144882
1640219.889487 1167596
1640219.892005 1162041
1640219.894364 1157133
1640219.898121 1154170
1640219.900536 1151607
1640219.902875 1148081
1640219.905362 1145108
1640219.907811 1142552
1640219.912557 1142671
1640219.914937 1140281
1640219.917484 1138350
1640219.919911 1136640
1640219.927170 1139910
1640219.929587 1137921
1640219.956227 1160500
1640219.958686 1155938
1640219.963555 1154451
1640219.965821 1150578
1640219.997287 1176318
1640219.999710 1170969
1640220.028751 1192866
1640220.031235 1185447
1640220.033616 1178805
1640220.036096 1173123
1640220.038435 1166735
1640220.040905 1161202
1640220.043302 1156417
1640220.045719 1152152
1640220.050682 1150942
1640220.053102 1147565
1640220.055770 1144889
1640220.057820 1142042
1640220.060359 1139700
1640220.067655 1137688
1640220.069902 1135758
1640220.096655 1134185
1640220.099064 1132758
1640220.103946 1131521
1640220.106299 1130529
1640220.137786 1129684
1640220.140226 1128960
1640220.169331 1128387
1640220.171704 1127774
1640220.174202 1127355
1640220.177776 1125743
1640220.178959 1125495
1640220.180247 1124127
1640220.181394 1124051
1640220.182653 1122867
1640220.183772 1122924
1640220.185062 1121878
1640220.186328 1122207
1640220.189857 1121077
1640220.191153 1121348
1640220.192359 1120404
1640220.193485 1120680
1640220.194716 1119510
1640220.195911 1119658
1640220.197159 1119009
1640220.198307 1119569
1640220.199548 1118776
1640220.200767 1119275
1640220.206806 1118485
1640220.208060 1119002
1640220.209236 1118430
1640220.210417 1119091
1640220.232292 1114817
1640220.233508 1112248
1640220.234728 1108857
1640220.235965 1107104
1640220.238421 1103169
1640220.239577 1100860
1640220.240780 1097710
1640220.242022 1096157
1640220.266306 1087628
1640220.267480 1081309
1640220.268729 1074609
1640220.269843 1069834
1640220.297708 1064454
1640220.299001 1061011
1640220.300157 1056810
1640220.301420 1054368
1640220.302516 1050860
1640220.303846 1049090
1640220.306261 1046412
1640220.307401 1044611
1640220.308661 1041035
1640220.309836 1036944
1640220.311117 1032076
1640220.313482 1025366
1640220.314623 1018309
1640220.315906 1010981
1640220.317034 1003311
1640220.318257 995363
1640220.323117 985976
1640220.324291 976580
1640220.340117 961077
1640220.341325 946260
1640220.343694 932059
1640220.344888 918384
1640220.371547 907606
1640220.400700 895817
1640220.404322 884280
1640220.406712 873008
1640220.409173 863179
1640220.412818 856951
1640220.415321 850506
1640220.417712 844847
1640220.422557 838659
1640220.438177 831856
1640220.443040 827181
1640220.469738 821940
1640220.498764 817236
1640220.503640 814361
1640220.506025 811843
1640220.508474 809626
1640220.510889 806454
1640220.513253 803538
1640220.515691 801039
1640220.521732 800048
1640220.538707 800549
1640220.543548 800950
1640220.571549 829237
1640220.600559 856347
1640220.605360 855834
1640220.607704 852870
1640220.610215 850404
1640220.612591 848172
1640220.614975 846163
1640220.617390 844487
1640220.622309 845496
1640220.639250 857274
1640220.644090 855424
1640220.670721 875594
1640220.699829 894353
1640220.704709 886658
1640220.707107 877508
1640220.709599 869668
1640220.712064 862761
1640220.714387 856656
1640220.716849 851377
1640220.721717 849221
1640220.739838 860551
1640220.744676 858363
1640220.772502 879441
1640220.801663 900409
1640220.803965 891941
1640220.808716 884432
1640220.811242 877988
1640220.813593 872209
1640220.816020 867106
1640220.818448 862746
1640220.820853 858861
1640220.825850 855587
1640220.845191 853954
1640220.849968 852462
1640220.879081 852459
1640220.908314 852524
1640220.910691 852649
1640220.915571 852894
1640220.918024 853036
1640220.920406 853183
1640220.922826 853306
1640220.925256 853415
1640220.927717 853566
1640220.932519 853506
1640220.953007 854605
1640220.957842 855627
1640220.988208 857779
1640221.017322 859533
1640221.019680 861048
1640221.024562 862354
1640221.026811 865692
1640221.029407 868723
1640221.031712 871366
1640221.034119 873665
1640221.036703 875825
1640221.041406 879963
1640221.060858 898237
1640221.065699 898588
1640221.094726 923088
1640221.123725 943148
1640221.126192 934057
1640221.130979 928531
1640221.133548 921384
1640221.135781 915116
1640221.138276 909525
1640221.140687 904749
1640221.143149 900623
1640221.147925 899177
1640221.168592 913892
1640221.173340 912080
1640221.203681 935985
1640221.232662 956849
1640221.235174 948637
1640221.239946 943729
1640221.242369 937099
1640221.244839 931199
1640221.247250 926202
1640221.249633 921744
1640221.252071 917889
1640221.254590 914570
1640221.259471 911745
1640221.281236 910381
1640221.286067 909291
1640221.317635 909546
1640221.346792 909944
1640221.349195 910192
1640221.354025 910478
1640221.356460 910735
1640221.358825 910855
1640221.361283 911002
1640221.363727 911183
1640221.366118 911305
1640221.368638 911414
1640221.373444 911433
1640221.395568 911816
1640221.401208 912954
1640221.432669 913826
1640221.462912 915674
1640221.465406 917394
1640221.470198 918852
1640221.472861 920365
1640221.475154 921608
1640221.477705 922788
1640221.479989 923641
1640221.482442 926754
1640221.484756 929451
1640221.489620 934057
1640221.511345 955110
1640221.516211 956291
1640221.547745 983234
1640221.576735 1004339
1640221.579126 994945
1640221.584067 989170
1640221.586372 981636
1640221.588944 974926
1640221.591251 969091
1640221.593680 963846
1640221.596130 959423
1640221.598617 955604
1640221.603499 954840
1640221.626491 972267
1640221.631227 970530
1640221.663975 996906
1640221.694267 1018742
1640221.696673 1011268
1640221.701539 1007207
1640221.704027 1001189
1640221.706371 995988
1640221.708737 991192
1640221.711280 987254
1640221.713610 983730
1640221.716156 980719
1640221.718503 977931
1640221.723435 975579
1640221.745051 972150
1640221.750019 969387
1640221.783928 968124
1640221.815382 968176
1640221.817809 968252
1640221.822938 968580
1640221.825342 968781
1640221.827744 969013
1640221.830250 969362
1640221.832685 969558
1640221.835009 969729
1640221.837414 969736
1640221.839984 969952
1640221.844755 969995
1640221.866467 970129
1640221.871430 970241
1640221.905323 970320
1640221.938100 971694
1640221.940414 972798
1640221.946606 974825
1640221.948978 976568
1640221.951457 978171
1640221.953892 979500
1640221.956245 980584
1640221.958567 981529
1640221.961007 982389
1640221.963551 983127
1640221.968461 983907
1640221.990196 1006266
1640221.995043 1008979
1640222.028958 1040297
1640222.060463 1065342
1640222.062966 1056958
1640222.067712 1052068
1640222.069945 1043831
1640222.072543 1036846
1640222.074983 1030694
1640222.077378 1025280
1640222.079777 1020567
1640222.082238 1016600
1640222.084655 1013109
1640222.089424 1012272
1640222.112521 1029710
1640222.117305 1028015
1640222.151239 1055633
1640222.183852 1078505
1640222.186212 1069318
1640222.191089 1063692
1640222.193469 1056422
1640222.195873 1050235
1640222.198309 1044650
1640222.201135 1040152
1640222.203207 1035894
1640222.205616 1032173
1640222.208007 1028854
1640222.212877 1028395
1640222.235853 1046222
1640222.240712 1043571
1640222.243145 1038869
1640222.277096 1034841
1640222.310989 1032582
1640222.313432 1030693
1640222.318440 1029183
1640222.320823 1027858
1640222.323278 1026757
1640222.325692 1025766
1640222.328122 1024500
1640222.330482 1023682
1640222.332939 1023013
1640222.335404 1022503
1640222.340194 1021978
1640222.364376 1022726
1640222.369204 1023349
1640222.371639 1023895
1640222.405386 1024163
1640222.440508 1025625
1640222.442960 1026906
1640222.447762 1027820
1640222.450185 1028659
1640222.452601 1029355
1640222.455109 1030061
1640222.457456 1030596
1640222.459937 1031186
1640222.462317 1031622
1640222.464747 1031953
1640222.469594 1032314
1640222.494983 1033855
1640222.499825 1035222
1640222.502212 1036366
1640222.536255 1037663
1640222.570056 1072563
1640222.572494 1070436
1640222.577352 1070984
1640222.579729 1069043
1640222.582187 1067363
1640222.584697 1066003
1640222.587074 1064671
1640222.589450 1063535
1640222.591942 1062564
1640222.594347 1061726
1640222.599337 1063554
1640222.624672 1085644
1640222.629487 1084408
1640222.631952 1080952
1640222.665823 1109408
1640222.700884 1135324
1640222.703310 1126634
1640222.709427 1122707
1640222.711826 1116802
1640222.714222 1111661
1640222.716666 1107147
1640222.719111 1103089
1640222.721508 1099596
1640222.723891 1096549
1640222.726355 1093861
1640222.731225 1093965
1640222.756571 1114408
1640222.761390 1111761
1640222.763866 1107132
1640222.797853 1134607
1640222.834282 1161202
1640222.836636 1151765
1640222.839090 1143525
1640222.844062 1135194
1640222.846290 1127733
1640222.848755 1121275
1640222.851143 1115569
1640222.853565 1110554
1640222.856108 1106309
1640222.858563 1102670
1640222.860929 1099386
1640222.865788 1096501
1640222.892395 1095241
1640222.897218 1094142
1640222.899803 1093288
1640222.933721 1092459
1640222.971119 1092697
1640222.973536 1092971
1640222.975947 1093168
1640222.980896 1093322
1640222.983231 1093567
1640222.985728 1093813
1640222.988173 1094091
1640222.990649 1094382
1640222.993091 1094534
1640222.995504 1094626
1640222.997870 1094706
1640223.002779 1094826
1640223.030435 1095975
1640223.035383 1097106
1640223.037819 1097944
1640223.071761 1098702
1640223.108068 1098264
1640223.110543 1097952
1640223.112920 1097640
1640223.117714 1097204
1640223.120210 1099271
1640223.122628 1101171
1640223.125034 1102760
1640223.127508 1104195
1640223.129835 1105282
1640223.132272 1106183
1640223.134740 1107069
1640223.139529 1110234
1640223.167509 1136108
1640223.172149 1135702
1640223.174633 1132900
1640223.208642 1162041
1640223.246064 1191023
1640223.249715 1183702
1640223.252251 1177373
1640223.257053 1174264
1640223.259509 1169179
1640223.261823 1164560
1640223.264342 1160607
1640223.266629 1157052
1640223.269252 1154097
1640223.271675 1151577
1640223.274063 1149355
1640223.278897 1149748
1640223.306567 1172997
1640223.311489 1170265
1640223.313918 1165671
1640223.346846 1192116
1640223.385523 1219857
1640223.386745 1204372
1640223.387947 1191998
1640223.389229 1179941
1640223.390370 1170500
1640223.393999 1161102
1640223.395220 1154065
1640223.396507 1146770
1640223.397626 1141476
1640223.398862 1135792
1640223.400137 1132064
1640223.401234 1129874
1640223.402488 1126751
1640223.403776 1125278
1640223.404887 1122844
1640223.406121 1121921
1640223.407281 1119674
1640223.408535 1118931
1640223.409742 1117096
1640223.411117 1116832
1640223.412220 1115349
1640223.413370 1115172
1640223.417048 1113880
1640223.418214 1113884
1640223.446111 1114154
1640223.447364 1115609
1640223.450955 1115587
1640223.452360 1116948
1640223.453361 1116735
1640223.454615 1117768
1640223.480033 1111195
1640223.481248 1106630
1640223.500601 1083352
1640223.501819 1064180
1640223.503116 1047503
1640223.504356 1032949
1640223.505591 1019831
1640223.509184 1007470
1640223.510407 995416
1640223.511616 983702
1640223.512772 972257
1640223.513984 960905
1640223.515284 949933
1640223.516337 938961
1640223.517552 927989
1640223.518805 917404
1640223.522446 906937
1640223.549251 895422
1640223.552720 883822
1640223.554051 872746
1640223.577001 859384
1640223.596426 845230
1640223.601328 835272
1640223.603778 825369
1640223.606211 816746
1640223.608596 809228
1640223.611031 802731
1640223.615756 799312
1640223.646135 796242
1640223.670231 812846
1640223.689724 804500
1640223.694408 796976
1640223.696825 790361
1640223.699339 784648
1640223.701678 779602
1640223.704110 775178
1640223.709061 776199
1640223.739362 802711
1640223.763421 819594
1640223.782859 829701
1640223.787669 823858
1640223.790112 816512
1640223.792616 810175
1640223.794965 804434
1640223.797390 799532
1640223.802247 797628
1640223.835034 823826
1640223.860377 841743
1640223.879834 852885
1640223.884770 848123
1640223.887196 841568
1640223.889639 835829
1640223.892076 830736
1640223.894514 826371
1640223.899179 824801
1640223.930685 850058
1640223.933039 841703
1640223.960968 837041
1640223.980467 832997
1640223.985263 829306
1640223.987584 825984
1640223.990004 823057
1640223.992614 820669
1640223.995011 818535
1640223.999881 816881
1640224.031190 815236
1640224.033659 813909
1640224.061454 812620
1640224.080998 811533
1640224.085836 810616
1640224.088193 809871
1640224.090740 809330
1640224.093111 808616
1640224.095586 808066
1640224.100375 807507
1640224.131809 807146
1640224.134129 806685
1640224.161990 806341
1640224.181496 825422
1640224.186199 827346
1640224.188628 826635
1640224.191047 826072
1640224.193495 825427
1640224.195859 824909
1640224.200756 826825
1640224.233510 856499
1640224.235912 853473
1640224.266147 878734
1640224.285526 892366
1640224.290357 889604
1640224.292767 884910
1640224.295262 880860
1640224.297671 877306
1640224.300059 874138
1640224.304847 873787
1640224.336410 900150
1640224.338820 892885
1640224.370295 915575
1640224.389747 924662
1640224.395885 919357
1640224.398366 912374
1640224.400763 906286
1640224.403159 900860
1640224.405522 896067
1640224.407852 891818
1640224.412884 888341
1640224.444201 885052
1640224.446673 882226
1640224.479321 880937
1640224.498873 879898
1640224.503628 877607
1640224.506090 875582
1640224.508458 873783
1640224.510873 872227
1640224.513357 871005
1640224.515814 870043
1640224.520569 868925
1640224.552081 868154
1640224.554473 867398
1640224.585938 865557
1640224.605402 863851
1640224.610215 862410
1640224.612530 861021
1640224.615098 859989
1640224.617501 861411
1640224.619901 862690
1640224.622317 863748
1640224.627045 866945
1640224.661112 899048
1640224.663491 898007
1640224.696141 927358
1640224.715459 940882
1640224.720277 938070
1640224.722701 933244
1640224.725156 929147
1640224.727559 925397
1640224.729953 922092
1640224.732369 919225
1640224.737352 919281
1640224.771163 948416
1640224.773524 942221
1640224.807455 968343
1640224.826861 977972
1640224.831706 971881
1640224.834075 964125
1640224.836535 957382
1640224.838950 951441
1640224.841370 946266
1640224.843823 941785
1640224.846245 937906
1640224.851061 934344
1640224.886187 932546
1640224.888581 931009
1640224.923711 930866
1640224.943175 930798
1640224.947953 930672
1640224.950408 930646
1640224.952812 930569
1640224.955263 930535
1640224.957699 930522
1640224.960148 930510
1640224.962592 930518
1640224.967452 930569
1640225.001322 929287
1640225.003814 928342
1640225.037754 926321
1640225.057143 924478
1640225.061939 922883
1640225.064430 921523
1640225.066860 920357
1640225.069285 919312
1640225.071716 918373
1640225.074194 917579
1640225.076603 916832
1640225.081487 920996
1640225.117789 956135
1640225.120117 955362
1640225.154103 986168
1640225.174655 999738
1640225.179646 997205
1640225.181951 992482
1640225.184342 988252
1640225.186703 984476
1640225.189143 981201
1640225.191560 978295
1640225.193979 975713
1640225.198815 975843
1640225.235205 1007451
1640225.237645 1001301
1640225.272056 1028014
1640225.293435 1038779
1640225.298359 1032566
1640225.300651 1024400
1640225.303005 1017329
1640225.305435 1011188
1640225.307874 1005890
1640225.310321 1001264
1640225.312861 997340
1640225.317538 996162
1640225.355239 1027970
1640225.357670 1021864
1640225.360065 1016500
1640225.393840 1011198
1640225.416914 1008230
1640225.421665 1005436
1640225.424377 1003442
1640225.426620 1001585
1640225.428897 999810
1640225.431398 998320
1640225.433792 996962
1640225.436408 995850
1640225.441159 994955
1640225.477542 992802
1640225.479935 990914
1640225.482183 989121
1640225.516127 987733
1640225.537969 985284
1640225.542750 983167
1640225.545327 981178
1640225.547747 979603
1640225.550172 978391
1640225.552612 977243
1640225.555007 976264
1640225.557396 975146
1640225.562251 974307
1640225.601102 976043
1640225.603481 977544
1640225.605906 979020
1640225.639705 1014062
1640225.662657 1033742
1640225.667646 1034108
1640225.670132 1032166
1640225.672420 1030164
1640225.674902 1028431
1640225.677286 1026926
1640225.679727 1025604
1640225.682374 1024704
1640225.686826 1025954
1640225.725843 1061242
1640225.728136 1055557
1640225.730622 1050662
1640225.764504 1077869
1640225.788659 1091997
1640225.793664 1086439
1640225.796037 1078957
1640225.798647 1072453
1640225.801018 1066898
1640225.803344 1061893
1640225.805606 1057396
1640225.808200 1053616
1640225.812945 1052395
1640225.853049 1087009
1640225.855446 1080679
1640225.857859 1075217
1640225.891720 1101834
1640225.917229 1116740
1640225.919590 1108006
1640225.924436 1100229
1640225.926863 1093478
1640225.929239 1087334
1640225.931735 1082063
1640225.934121 1077533
1640225.936515 1073704
1640225.938910 1070151
1640225.943832 1067224
1640225.982575 1063308
1640225.984859 1059758
1640225.987362 1056739
1640226.021329 1054204
1640226.045585 1050746
1640226.048012 1047795
1640226.052804 1045153
1640226.055271 1042875
1640226.057686 1040911
1640226.060101 1039114
1640226.062568 1037626
1640226.064978 1036348
1640226.067335 1035182
1640226.072200 1034106
1640226.113395 1035612
1640226.115896 1037156
1640226.118234 1038336
1640226.152035 1039221
1640226.177541 1041230
1640226.179975 1043006
1640226.184905 1044689
1640226.187261 1048469
1640226.189711 1051781
1640226.192135 1054675
1640226.194535 1057187
1640226.196973 1059326
1640226.199381 1061241
1640226.204209 1065394
1640226.245240 1105189
1640226.247693 1101272
1640226.250135 1097750
1640226.283972 1126189
1640226.310617 1143927
1640226.313013 1136315
1640226.317895 1132121
1640226.320329 1125924
1640226.322923 1120753
1640226.325402 1116203
1640226.327656 1112136
1640226.330001 1108516
1640226.332580 1105487
1640226.337382 1105211
1640226.378307 1141096
1640226.381066 1134262
1640226.383285 1128035
1640226.386191 1123046
1640226.419819 1118472
1640226.447779 1115786
1640226.449921 1113188
1640226.454830 1110938
1640226.457451 1109155
1640226.459614 1107164
1640226.462118 1107811
1640226.464449 1108277
1640226.466992 1109020
1640226.473319 1113642
1640226.477102 1118888
1640226.515260 1156810
1640226.520526 1154391
1640226.522995 1151914
1640226.525343 1149918
1640226.559304 1179216
1640226.585887 1197794
1640226.588330 1188501
1640226.593219 1183169
1640226.595750 1176097
1640226.598093 1169639
1640226.600530 1164287
1640226.602913 1159474
1640226.605376 1155400
1640226.607705 1151615
1640226.612636 1146979
1640226.651508 1177956
1640226.658704 1168852
1640226.661150 1160864
1640226.663640 1154027
1640226.698900 1149334
1640226.726391 1146134
1640226.728910 1143415
1640226.733795 1141032
1640226.736155 1138780
1640226.738531 1136837
1640226.740986 1135126
1640226.742293 1132583
1640226.743314 1131354
1640226.744603 1129125
1640226.745880 1128427
1640226.747002 1126636
1640226.748351 1126393
1640226.751823 1124739
1640226.753370 1124813
1640226.788254 1120917
1640226.789400 1118627
1640226.795431 1115486
1640226.796740 1114019
1640226.797877 1111451
1640226.799196 1110491
1640226.800310 1108304
1640226.801574 1107621
1640226.837907 1108129
1640226.838995 1109609
1640226.864434 1108901
1640226.865804 1109624
1640226.866858 1108827
1640226.868057 1109301
1640226.871899 1108705
1640226.872922 1109179
1640226.874103 1108448
1640226.875309 1108986
1640226.876527 1108329
1640226.877731 1108931
1640226.878966 1108261
1640226.880257 1108936
1640226.881332 1109327
1640226.882609 1109933
1640226.883892 1110192
1640226.885055 1109441
1640226.888685 1107590
1640226.925129 1105968
1640226.931074 1103331
1640226.932223 1099733
1640226.933464 1095388
1640226.969775 1090309
1640226.995213 1084772
1640226.996413 1078705
1640227.000052 1071994
1640227.001242 1065096
1640227.002585 1057977
1640227.003681 1050401
1640227.004882 1041332
1640227.007286 1034524
1640227.012186 1032296
1640227.057079 1035191
1640227.059494 1033048
1640227.120154 1054280
1640227.124938 1051004
1640227.127449 1045800
1640227.129810 1041188
1640227.132139 1035876
1640227.137006 1031193
1640227.180658 1025828
1640227.183059 1021112
1640227.223280 1057152
1640227.246050 1050867
1640227.250806 1045339
1640227.253250 1040436
1640227.255666 1036203
1640227.258069 1032574
1640227.262901 1029362
1640227.306540 1026534
1640227.309017 1024137
1640227.373241 1046062
1640227.378053 1047257
1640227.380453 1045935
1640227.382876 1044782
1640227.385292 1043772
1640227.390160 1045360
1640227.431315 1083070
1640227.435280 1076399
1640227.437456 1070261
1640227.502892 1066090
1640227.508946 1068450
1640227.511365 1068140
1640227.513895 1067967
1640227.516251 1067777
1640227.521030 1069974
1640227.561349 1107358
1640227.565860 1103460
1640227.568409 1098547
1640227.611233 1134945
1640227.636147 1126300
1640227.640993 1117525
1640227.643368 1109802
1640227.645843 1102984
1640227.648533 1097357
1640227.653232 1092357
1640227.696865 1091292
1640227.699216 1088169
1640227.740322 1123976
1640227.765708 1137917
1640227.768204 1127663
1640227.772976 1118654
1640227.775565 1110989
1640227.777934 1104174
1640227.780228 1097813
1640227.785171 1092477
1640227.829964 1088981
1640227.832431 1086038
1640227.898936 1108858
1640227.901353 1105832
1640227.906184 1105407
1640227.908639 1102822
1640227.911049 1100387
1640227.913507 1098351
1640227.918244 1099006
1640227.959259 1135652
1640227.965676 1129365
1640227.968144 1123872
1640228.035799 1120222
1640228.038369 1117177
1640228.043298 1114608
1640228.045675 1114694
1640228.048225 1114873
1640228.050380 1114775
1640228.055313 1117172
1640228.096222 1155430
1640228.103810 1155524
1640228.106104 1151445
1640228.149435 1188726
1640228.176399 1180694
1640228.178776 1173470
1640228.183709 1167131
1640228.186031 1161547
1640228.188492 1156575
1640228.190894 1152470
1640228.195829 1148880
1640228.241699 1150709
1640228.244175 1147124
1640228.285457 1182994
1640228.313262 1198907
1640228.315607 1188158
1640228.320467 1181240
1640228.322829 1172591
1640228.325458 1165402
1640228.327861 1159051
1640228.330273 1153505
1640228.334940 1148385
1640228.381033 1144127
1640228.383493 1140385
1640228.778265 1027993
1640228.801358 1038273
1640228.803957 1024936
1640228.806173 1012962
1640228.808535 1001338
1640228.811018 991170
1640228.813515 982451
1640228.815817 974690
1640228.818317 967986
1640228.823163 963190
1640228.849715 957748
1640228.852205 953042
1640228.917510 973129
1640228.919944 970019
1640228.922608 967334
1640228.924806 964994
1640228.927192 962970
1640228.929558 961081
1640228.933357 960728
1640228.935727 960498
1640228.940524 962586
1640228.967230 986274
1640228.969572 982787
1640229.010349 1018027
1640229.036339 1009580
1640229.038668 1002080
1640229.041106 995293
1640229.043529 989580
1640229.045902 984568
1640229.049548 981468
1640229.051920 977324
1640229.054318 973720
1640229.059197 975403
1640229.085780 998685
1640229.088241 994813
1640229.129188 1030031
1640229.157262 1048167
1640229.159710 1040468
1640229.162101 1033793
1640229.164528 1027939
1640229.167104 1022970
1640229.170601 1019747
1640229.173094 1015725
1640229.175466 1012259
1640229.180292 1011656
1640229.207111 1033072
1640229.209468 1027587
1640229.250232 1061091
1640229.278644 1077881
1640229.280986 1066822
1640229.283483 1057172
1640229.285857 1048725
1640229.288303 1041353
1640229.290727 1034750
1640229.293191 1027920
1640229.295501 1021777
1640229.300519 1019054
1640229.302819 1014137
1640229.329358 1009581
1640229.331750 1005619
1640229.400819 1030460
1640229.403285 1026199
1640229.405659 1022471
1640229.408095 1019171
1640229.410530 1016375
1640229.415270 1016228
1640229.417734 1016145
1640229.420228 1016099
1640229.425223 1018733
1640229.427569 1018212
1640229.454105 1042141
1640229.456633 1039091
1640229.497280 1074661
1640229.528284 1067759
1640229.530499 1061478
1640229.532914 1056022
1640229.535419 1051296
1640229.537880 1047197
1640229.542616 1043618
1640229.545089 1040492
1640229.547471 1037636
1640229.552247 1034924
1640229.554672 1032624
1640229.581383 1030791
1640229.583849 1031586
1640229.624229 1070161
1640229.656473 1095561
1640229.658940 1089170
1640229.661376 1083835
1640229.663799 1079186
1640229.666201 1075012
1640229.671069 1073773
1640229.673488 1070369
1640229.675937 1067370
1640229.681859 1068269
1640229.684355 1066754
1640229.710944 1089604
1640229.713480 1085426
1640229.754278 1120052
1640229.784788 1140584
1640229.787274 1128741
1640229.789773 1118365
1640229.792167 1109283
1640229.794552 1101268
1640229.799329 1096666
1640229.801868 1090308
1640229.804283 1084731
1640229.809109 1082145
1640229.811520 1076449
1640229.838140 1095617
1640229.840594 1088243
1640229.842944 1081592
1640229.914520 1106595
1640229.916927 1100327
1640229.919374 1094807
1640229.921821 1089926
1640229.925485 1086942
1640229.930390 1086818
1640229.932795 1084372
1640229.935071 1081949
1640229.939968 1082316
1640229.942350 1080197
1640229.970163 1103750
1640229.972766 1100333
1640229.975183 1097281
1640230.015552 1132641
1640230.048948 1125440
1640230.051404 1119192
1640230.053740 1113592
1640230.056247 1108769
1640230.058694 1103333
1640230.063550 1098363
1640230.065974 1094196
1640230.068401 1090702
1640230.073245 1087592
1640230.075680 1084931
1640230.104757 1083863
1640230.107144 1082712
1640230.109581 1081726
1640230.150729 1081644
1640230.185792 1083248
1640230.188407 1084793
1640230.190739 1086159
1640230.193107 1087214
1640230.195468 1088042
1640230.200293 1088730
1640230.202868 1089486
1640230.205272 1090122
1640230.210109 1090672
1640230.212560 1091172
1640230.242584 1092558
1640230.245217 1094016
1640230.247558 1095195
1640230.288846 1096365
1640230.322704 1096189
1640230.325169 1095857
1640230.327556 1095648
1640230.330008 1095551
1640230.332373 1095472
1640230.337270 1095474
1640230.339710 1095337
1640230.342065 1095165
1640230.346869 1094981
1640230.349422 1094919
1640230.379767 1095196
1640230.382123 1095158
1640230.384540 1095199
1640230.425777 1095182
1640230.460717 1096247
1640230.463121 1099519
1640230.467032 1103854
1640230.469322 1107556
1640230.471732 1110684
1640230.476372 1115776
1640230.478891 1117858
1640230.481254 1119585
1640230.486203 1123696
1640230.488649 1124932
1640230.518808 1153563
1640230.521302 1150790
1640230.523741 1148446
1640230.563587 1183860
1640230.599945 1209885
1640230.602317 1200168
1640230.604836 1191803
1640230.607356 1183078
1640230.609631 1175433
1640230.614549 1171251
1640230.616826 1165211
1640230.619320 1159920
1640230.624265 1157869
1640230.626668 1153521
1640230.658050 1178665
1640230.660478 1172945
1640230.662935 1167864
1640230.690782 1188808
1640230.710156 1186717
1640230.712689 1151070
1640230.715001 1119815
1640230.717434 1092378
1640230.719969 1068419
1640230.722429 1047627
1640230.727295 1029391
1640230.729707 1013577
1640230.732148 999673
1640230.736916 987328
1640230.739387 976585
1640230.770857 967283
1640230.773281 959129
1640230.775682 951948
1640230.803600 945734
1640230.821752 939074
1640230.824144 933108
1640230.826484 927917
1640230.828849 923306
1640230.831361 919248
1640230.833882 915754
1640230.838549 912493
1640230.841147 909825
1640230.843538 907432
1640230.848327 905371
1640230.850740 903490
1640230.880947 900609
1640230.883341 898053
1640230.885861 895935
1640230.914875 895179
1640230.933051 894544
1640230.935452 893994
1640230.937966 893690
1640230.940334 893431
1640230.942819 893167
1640230.945246 895282
1640230.950080 899498
1640230.952562 901012
1640230.954979 902121
1640230.959731 905477
1640230.962200 906105
1640230.993557 935598
1640230.995990 933627
1640230.998460 931976
1640231.027547 957100
1640231.046222 968744
