0.871900826446,0,0.200952380952,0.0,0,0.0,3.09917355372,0,0.714285714286,0.89029535865,0,0.281333333333,0.0,0,0.0,3.16455696203,0,1.0,0.0,0.937367757882,0.92636608739,0.98826322924,1.02109704641,0,0.322666666667,0.0,0,0.0,4.43037974684,0,1.4,c
0.948717948718,0,0.296,0.0,0,0.0,3.84615384615,0,1.2,0.96943231441,0,0.296,0.0,0,0.0,3.93013100437,0,1.2,0.0,0.962959415891,1.0001044441,1.03857382522,1.02183406114,0,0.312,0.0,0,0.0,3.27510917031,0,1.0,c
0.944680851064,0,0.296,0.0,0,0.0,3.1914893617,0,1.0,0.948717948718,0,0.296,0.0,0,0.0,3.20512820513,0,1.0,0.0,1.0136234636,0.98902900267,0.975736097467,1.00427350427,0,0.313333333333,0.0,0,0.0,3.20512820513,0,1.0,c
1.04255319149,0,0.326666666667,0.0,0,0.0,3.82978723404,0,1.2,0.98,0,0.326666666667,0.0,0,0.0,3.6,0,1.2,0.0,1.05259606569,0.999064400232,0.949143202028,0.94,0,0.313333333333,0.0,0,0.0,3.0,0,1.0,c
0.96862745098,0,0.274444444444,0.0,0,0.0,3.52941176471,0,1.0,0.972440944882,0,0.329333333333,0.0,0,0.0,3.54330708661,0,1.2,0.0,1.09967115958,1.08901983167,0.990314079064,1.00393700787,0,0.34,0.0,0,0.0,3.54330708661,0,1.2,c
1.00371747212,0,0.3,0.0,0,0.0,3.90334572491,0,1.16666666667,0.985401459854,0,0.3,0.0,0,0.0,3.83211678832,0,1.16666666667,0.0,1.1356957381,0.910983437419,0.802136881259,0.981751824818,0,0.298888888889,0.0,0,0.0,3.28467153285,0,1.0,c
1.07279693487,0,0.266666666667,0.0,0,0.0,5.74712643678,0,1.42857142857,0.936454849498,0,0.169696969697,0.0,0,0.0,5.01672240803,0,0.909090909091,0.0,1.20476043279,0.908780714137,0.75432483455,0.872909698997,0,0.158181818182,0.0,0,0.0,3.51170568562,0,0.636363636364,c
0.99,0,0.282857142857,0.0,0,0.0,4.5,0,1.28571428571,1.06451612903,0,0.282857142857,0.0,0,0.0,4.83870967742,0,1.28571428571,0.0,1.03777233947,1.14790922478,1.10612817583,1.0752688172,0,0.285714285714,0.0,0,0.0,3.76344086022,0,1.0,c
1.01346801347,0,0.334444444444,0.0,0,0.0,4.54545454545,0,1.5,0.996688741722,0,0.286666666667,0.0,0,0.0,4.4701986755,0,1.28571428571,0.0,1.15059118748,0.991574544959,0.861795706198,0.983443708609,0,0.282857142857,0.0,0,0.0,2.98013245033,0,0.857142857143,c
1.05653710247,0,0.284761904762,0.0,0,0.0,3.71024734982,0,1.0,1.07553956835,0,0.284761904762,0.0,0,0.0,3.77697841727,0,1.0,0.0,0.980391102112,0.990472153159,1.01028268313,1.01798561151,0,0.269523809524,0.0,0,0.0,3.77697841727,0,1.0,c
0.923547400612,0,0.335555555556,0.0,0,0.0,3.66972477064,0,1.33333333333,0.949685534591,0,0.223703703704,0.0,0,0.0,3.77358490566,0,0.888888888889,0.0,1.06844137791,0.997774454368,0.933859802699,1.02830188679,0,0.242222222222,0.0,0,0.0,2.83018867925,0,0.666666666667,c
0.978978978979,0,0.271666666667,0.0,0,0.0,4.05405405405,0,1.125,1.01557632399,0,0.310476190476,0.0,0,0.0,4.20560747664,0,1.28571428571,0.0,0.995181642648,1.08147151497,1.08670766081,1.03738317757,0,0.317142857143,0.0,0,0.0,3.73831775701,0,1.14285714286,c
0.81693989071,0,0.221481481481,0.0,0,0.0,2.86885245902,0,0.777777777778,0.977124183007,0,0.221481481481,0.0,0,0.0,3.43137254902,0,0.777777777778,0.0,0.797161437684,0.988451406641,1.23996390181,1.19607843137,0,0.271111111111,0.0,0,0.0,4.41176470588,0,1.0,c
0.951807228916,0,0.351111111111,0.0,0,0.0,3.16265060241,0,1.16666666667,1.00636942675,0,0.300952380952,0.0,0,0.0,3.34394904459,0,1.0,0.0,0.993475051997,0.894594709655,0.900470231091,1.05732484076,0,0.31619047619,0.0,0,0.0,2.86624203822,0,0.857142857143,c
1.02762430939,0,0.31,0.0,0,0.0,4.14364640884,0,1.25,1.06285714286,0,0.248,0.0,0,0.0,4.28571428571,0,1.0,0.0,1.06465500633,1.00175013149,0.940915250041,1.03428571429,0,0.241333333333,0.0,0,0.0,3.42857142857,0,0.8,c
1.06775067751,0,0.262666666667,0.0,0,0.0,3.65853658537,0,0.9,1.11299435028,0,0.262666666667,0.0,0,0.0,3.81355932203,0,0.9,0.0,1.07385033212,1.04870184798,0.976581015632,1.04237288136,0,0.246,0.0,0,0.0,4.23728813559,0,1.0,c
1.21846153846,0,0.377142857143,0.0,0,0.0,7.38461538462,0,2.28571428571,1.00253164557,0,0.264,0.0,0,0.0,6.07594936709,0,1.6,0.0,1.57594485219,1.12512966886,0.713939746876,0.822784810127,0,0.216666666667,0.0,0,0.0,2.6582278481,0,0.7,c
1.24117647059,0,0.312592592593,0.0,0,0.0,5.73529411765,0,1.44444444444,1.24852071006,0,0.401904761905,0.0,0,0.0,5.76923076923,0,1.85714285714,0.0,1.30484763319,1.54579916907,1.1846587523,1.00591715976,0,0.32380952381,0.0,0,0.0,3.99408284024,0,1.28571428571,c
1.05141388175,0,0.302962962963,0.0,0,0.0,4.62724935733,0,1.33333333333,0.927437641723,0,0.247878787879,0.0,0,0.0,4.08163265306,0,1.09090909091,0.0,1.01908929663,1.07002860456,1.04998512701,0.8820861678,0,0.235757575758,0.0,0,0.0,3.0612244898,0,0.818181818182,c
0.995412844037,0,0.241111111111,0.0,0,0.0,3.44036697248,0,0.833333333333,1.11568123393,0,0.321481481481,0.0,0,0.0,3.85604113111,0,1.11111111111,0.0,0.921219152698,1.02112321648,1.10844766253,1.12082262211,0,0.322962962963,0.0,0,0.0,4.62724935733,0,1.33333333333,c
1.04484304933,0,0.258888888889,0.0,0,0.0,4.03587443946,0,1.0,0.94523326572,0,0.310666666667,0.0,0,0.0,3.65111561866,0,1.2,0.0,1.1625765631,1.05809291594,0.910127512909,0.904665314402,0,0.297333333333,0.0,0,0.0,3.65111561866,0,1.2,c
1.06839186691,0,0.29641025641,0.0,0,0.0,4.43622920518,0,1.23076923077,1.07037037037,0,0.256888888889,0.0,0,0.0,4.44444444444,0,1.06666666667,0.0,1.05978535561,1.08888295282,1.02745612312,1.00185185185,0,0.240444444444,0.0,0,0.0,3.61111111111,0,0.866666666667,c
0.926910299003,0,0.161739130435,0.0,0,0.0,3.48837209302,0,0.608695652174,1.00722021661,0,0.169090909091,0.0,0,0.0,3.79061371841,0,0.636363636364,0.0,0.835798607959,0.85140621461,1.01867388448,1.08664259928,0,0.182424242424,0.0,0,0.0,6.2274368231,0,1.04545454545,c
0.850059031877,0,0.145454545455,0.0,0,0.0,4.07319952774,0,0.69696969697,1.01265822785,0,0.15,0.0,0,0.0,4.85232067511,0,0.71875,0.0,0.897257458207,0.991489548724,1.10502235412,1.19127988748,0,0.176458333333,0.0,0,0.0,6.96202531646,0,1.03125,c
0.985974754558,0,0.21303030303,0.0,0,0.0,4.20757363254,0,0.909090909091,0.953867028494,0,0.223174603175,0.0,0,0.0,4.07055630936,0,0.952380952381,0.0,0.934360008184,0.927569198588,0.9927321273,0.967435549525,0,0.226349206349,0.0,0,0.0,4.4776119403,0,1.04761904762,c
0.748531139835,0,0.163333333333,0.0,0,0.0,3.52526439483,0,0.769230769231,0.972519083969,0,0.212333333333,0.0,0,0.0,4.58015267176,0,1.0,0.0,0.845769838214,1.01210796744,1.19667068003,1.29923664122,0,0.283666666667,0.0,0,0.0,5.95419847328,0,1.3,c
1.03921568627,0,0.247333333333,0.0,0,0.0,3.99159663866,0,0.95,0.930991217064,0,0.190256410256,0.0,0,0.0,3.57590966123,0,0.730769230769,0.0,1.00243447745,0.91028553998,0.908074852226,0.895859473024,0,0.183076923077,0.0,0,0.0,3.76411543287,0,0.769230769231,c
1.03262092238,0,0.161052631579,0.0,0,0.0,4.55568053993,0,0.710526315789,1.07117852975,0,0.1275,0.0,0,0.0,4.72578763127,0,0.5625,0.0,0.915666501854,0.839667135917,0.917001041555,1.03733955659,0,0.123472222222,0.0,0,0.0,6.65110851809,0,0.791666666667,c
