1.00442477876,0,0.302666666667,0.0,0,0.0,3.98230088496,0,1.2,0.970085470085,0,0.378333333333,0.0,0,0.0,3.84615384615,0,1.5,0.0,1.06552989681,1.04346427274,0.979291407841,0.965811965812,0,0.376666666667,0.0,0,0.0,3.20512820513,0,1.25,n
0.951754385965,0,0.361666666667,0.0,0,0.0,3.94736842105,0,1.5,0.911764705882,0,0.206666666667,0.0,0,0.0,3.78151260504,0,0.857142857143,0.0,1.12234892203,0.898273581867,0.800351445292,0.957983193277,0,0.217142857143,0.0,0,0.0,2.52100840336,0,0.571428571429,n
1.00840336134,0,0.266666666667,0.0,0,0.0,3.1512605042,0,0.833333333333,1.03448275862,0,0.32,0.0,0,0.0,3.23275862069,0,1.0,0.0,0.9707847886,1.08139748749,1.11394152462,1.02586206897,0,0.317333333333,0.0,0,0.0,3.87931034483,0,1.2,n
0.965517241379,0,0.336,0.0,0,0.0,2.87356321839,0,1.0,0.954545454545,0,0.28,0.0,0,0.0,2.84090909091,0,0.833333333333,0.0,0.939333998626,0.945799882171,1.00688347654,0.988636363636,0,0.29,0.0,0,0.0,2.84090909091,0,0.833333333333,n
0.978571428571,0,0.202962962963,0.0,0,0.0,3.21428571429,0,0.666666666667,1.01858736059,0,0.304444444444,0.0,0,0.0,3.34572490706,0,1.0,0.0,0.899654868262,1.12493711063,1.25040962965,1.04089219331,0,0.311111111111,0.0,0,0.0,5.01858736059,0,1.5,n
1.00746268657,0,0.3,0.0,0,0.0,3.35820895522,0,1.0,0.912162162162,0,0.36,0.0,0,0.0,3.04054054054,0,1.2,0.0,1.21986101941,1.00307615157,0.822287240604,0.905405405405,0,0.357333333333,0.0,0,0.0,3.04054054054,0,1.2,n
1.04778156997,0,0.227407407407,0.0,0,0.0,4.09556313993,0,0.888888888889,1.14126394052,0,0.409333333333,0.0,0,0.0,4.46096654275,0,1.6,0.0,1.03703121652,1.10679195575,1.06726966183,1.08921933086,0,0.390666666667,0.0,0,0.0,5.01858736059,0,1.8,n
0.925170068027,0,0.226666666667,0.0,0,0.0,3.0612244898,0,0.75,0.985507246377,0,0.362666666667,0.0,0,0.0,3.26086956522,0,1.2,0.0,0.850938701579,1.09304564902,1.28451749461,1.0652173913,0,0.392,0.0,0,0.0,4.34782608696,0,1.6,n
0.939799331104,0,0.267619047619,0.0,0,0.0,4.01337792642,0,1.14285714286,0.949324324324,0,0.312222222222,0.0,0,0.0,4.05405405405,0,1.33333333333,0.0,0.943023388974,1.01302183649,1.07422768972,1.01013513514,0,0.332222222222,0.0,0,0.0,3.5472972973,0,1.16666666667,n
0.87012987013,0,0.255238095238,0.0,0,0.0,2.92207792208,0,0.857142857143,0.896321070234,0,0.223333333333,0.0,0,0.0,3.01003344482,0,0.75,0.0,0.773718222701,0.777976009032,1.00550301932,1.03010033445,0,0.256666666667,0.0,0,0.0,3.51170568562,0,0.875,n
1.03424657534,0,0.251666666667,0.0,0,0.0,3.08219178082,0,0.75,1.05594405594,0,0.287619047619,0.0,0,0.0,3.14685314685,0,0.857142857143,0.0,0.99750912931,1.042009641,1.0446116335,1.02097902098,0,0.278095238095,0.0,0,0.0,4.1958041958,0,1.14285714286,n
0.885057471264,0,0.256666666667,0.0,0,0.0,3.87931034483,0,1.125,0.987179487179,0,0.293333333333,0.0,0,0.0,4.32692307692,0,1.28571428571,0.0,0.937138838289,1.04757426067,1.11784318168,1.11538461538,0,0.331428571429,0.0,0,0.0,3.84615384615,0,1.14285714286,n
0.965299684543,0,0.34,0.0,0,0.0,2.83911671924,0,1.0,0.99674267101,0,0.291428571429,0.0,0,0.0,2.93159609121,0,0.857142857143,0.0,0.981073594562,0.99003659692,1.00913591234,1.0325732899,0,0.301904761905,0.0,0,0.0,2.93159609121,0,0.857142857143,n
1.01201201201,0,0.187222222222,0.0,0,0.0,4.5045045045,0,0.833333333333,1.053125,0,0.374444444444,0.0,0,0.0,4.6875,0,1.66666666667,0.0,0.974230096218,1.27994386694,1.31380037623,1.040625,0,0.37,0.0,0,0.0,5.625,0,2.0,n
0.887931034483,0,0.187272727273,0.0,0,0.0,2.15517241379,0,0.454545454545,0.950769230769,0,0.343333333333,0.0,0,0.0,2.30769230769,0,0.833333333333,0.0,0.694468556957,0.794932952753,1.14466370693,1.07076923077,0,0.386666666667,0.0,0,0.0,5.07692307692,0,1.83333333333,n
1.04359673025,0,0.319166666667,0.0,0,0.0,4.49591280654,0,1.375,1.02956989247,0,0.283703703704,0.0,0,0.0,4.43548387097,0,1.22222222222,0.0,1.10983959896,1.10739326224,0.997795774526,0.986559139785,0,0.271851851852,0.0,0,0.0,3.22580645161,0,0.888888888889,n
0.975806451613,0,0.186153846154,0.0,0,0.0,4.43548387097,0,0.846153846154,1.07079646018,0,0.3025,0.0,0,0.0,4.86725663717,0,1.375,0.0,0.942020537826,1.17399169034,1.2462485086,1.09734513274,0,0.31,0.0,0,0.0,5.75221238938,0,1.625,n
0.951002227171,0,0.149824561404,0.0,0,0.0,4.3429844098,0,0.684210526316,1.02398081535,0,0.237222222222,0.0,0,0.0,4.67625899281,0,1.08333333333,0.0,0.762717428321,1.10403385205,1.44750049108,1.07673860911,0,0.249444444444,0.0,0,0.0,6.8345323741,0,1.58333333333,n
0.917293233083,0,0.244,0.0,0,0.0,3.75939849624,0,1.0,0.899262899263,0,0.221818181818,0.0,0,0.0,3.6855036855,0,0.909090909091,0.0,0.915770628183,0.881146988841,0.962191799697,0.980343980344,0,0.241818181818,0.0,0,0.0,3.6855036855,0,0.909090909091,n
1.14102564103,0,0.269696969697,0.0,0,0.0,8.07692307692,0,1.90909090909,1.15885416667,0,0.269696969697,0.0,0,0.0,8.203125,0,1.90909090909,0.0,1.50142382566,1.28366278822,0.854963646028,1.015625,0,0.236363636364,0.0,0,0.0,4.296875,0,1.0,n
0.933333333333,0,0.211555555556,0.0,0,0.0,4.41176470588,0,1.0,1.00210526316,0,0.198333333333,0.0,0,0.0,4.73684210526,0,0.9375,0.0,1.02249026342,1.10806734996,1.08369476913,1.07368421053,0,0.2125,0.0,0,0.0,4.73684210526,0,0.9375,n
1.02702702703,0,0.223529411765,0.0,0,0.0,5.67567567568,0,1.23529411765,1.01785714286,0,0.2375,0.0,0,0.0,5.625,0,1.3125,0.0,1.1147524026,1.08552276982,0.973779260115,0.991071428571,0,0.23125,0.0,0,0.0,4.55357142857,0,1.0625,n
0.927272727273,0,0.232631578947,0.0,0,0.0,4.1958041958,0,1.05263157895,1.16315789474,0,0.221,0.0,0,0.0,5.26315789474,0,1.0,0.0,0.928141709114,1.14271757353,1.23118868844,1.25438596491,0,0.238333333333,0.0,0,0.0,5.0,0,0.95,n
1.07384230288,0,0.248695652174,0.0,0,0.0,4.31789737171,0,1.0,1.31595092025,0,0.26,0.0,0,0.0,5.29141104294,0,1.04545454545,0.0,0.990508911937,1.44640230132,1.46026177442,1.2254601227,0,0.242121212121,0.0,0,0.0,5.29141104294,0,1.04545454545,n
1.04457652303,0,0.246666666667,0.0,0,0.0,6.24071322437,0,1.47368421053,0.960382513661,0,0.195277777778,0.0,0,0.0,5.73770491803,0,1.16666666667,0.0,1.15924795183,0.999052787852,0.86181113046,0.919398907104,0,0.186944444444,0.0,0,0.0,3.89344262295,0,0.791666666667,n
1.28072625698,0,0.291111111111,0.0,0,0.0,6.28491620112,0,1.42857142857,1.20657894737,0,0.277878787879,0.0,0,0.0,5.92105263158,0,1.36363636364,0.0,1.41975144055,1.23912623943,0.872776884764,0.942105263158,0,0.21696969697,0.0,0,0.0,4.14473684211,0,0.954545454545,n
0.989888776542,0,0.151782945736,0.0,0,0.0,4.55005055612,0,0.697674418605,1.0987654321,0,0.210537634409,0.0,0,0.0,5.05050505051,0,0.967741935484,0.0,0.91548939521,1.00326013436,1.09587302661,1.10998877666,0,0.212688172043,0.0,0,0.0,7.23905723906,0,1.38709677419,n
1.13615023474,0,0.322666666667,0.0,0,0.0,4.92957746479,0,1.4,1.04310344828,0,0.322666666667,0.0,0,0.0,4.52586206897,0,1.4,0.0,1.13449203937,1.06894720852,0.942225393764,0.918103448276,0,0.284,0.0,0,0.0,3.23275862069,0,1.0,n
