0.711079444247,0.831666666667,0.604848484848,0.534378339865,0.625,0.454545454545,1.28250801568,1.5,1.09090909091,0.607055961071,0.700350877193,0.532266666667,0.456204379562,0.526315789474,0.4,1.09489051095,1.26315789474,0.96,0.416666666667,3.79501972386,4.28906532349,1.13018261711,0.853710462287,0.984912280702,0.748533333333,0.729927007299,0.842105263158,0.64,1.00364963504,1.15789473684,0.88,c
0.855815681903,1.02355555556,0.731111111111,0.501672240803,0.6,0.428571428571,1.39353400223,1.66666666667,1.19047619048,0.714108527132,0.852962962963,0.614133333333,0.418604651163,0.5,0.36,1.16279069767,1.38888888889,1.0,0.36,4.34589393628,4.56860323416,1.05124591192,0.834418604651,0.996666666667,0.7176,0.697674418605,0.833333333333,0.6,0.976744186047,1.16666666667,0.84,c
0.721780028944,0.83125,0.604545454545,0.488422575977,0.5625,0.409090909091,1.3024602026,1.5,1.09090909091,0.604179285282,0.7,0.532,0.408843125379,0.473684210526,0.36,1.09024833434,1.26315789474,0.96,0.375,3.94774383936,4.14291697561,1.04943915922,0.837068443368,0.969824561404,0.737066666667,0.726832222895,0.842105263158,0.64,0.999394306481,1.15789473684,0.88,c
0.737856878013,0.884444444444,0.631746031746,0.55617352614,0.666666666667,0.47619047619,1.33481646274,1.6,1.14285714286,0.607819181429,0.698245614035,0.530666666667,0.458155161881,0.526315789474,0.4,1.09957238852,1.26315789474,0.96,0.416666666667,3.51116876463,3.76603788243,1.07258811379,0.823762981063,0.946315789474,0.7192,0.687232742822,0.789473684211,0.6,0.962125839951,1.10526315789,0.84,c
0.747992351816,0.931428571429,0.652,0.57361376673,0.714285714286,0.5,1.37667304015,1.71428571429,1.2,0.600737100737,0.724444444444,0.5216,0.460687960688,0.555555555556,0.4,1.10565110565,1.33333333333,0.96,0.416666666667,3.00350241034,3.3325239978,1.10954597084,0.803132678133,0.968518518519,0.697333333333,0.644963144963,0.777777777778,0.56,0.921375921376,1.11111111111,0.8,c
0.770485436893,1.01743589744,0.661333333333,0.52427184466,0.692307692308,0.45,1.39805825243,1.84615384615,1.2,0.613481756339,0.734814814815,0.529066666667,0.417439703154,0.5,0.36,1.11317254174,1.33333333333,0.96,0.375,2.77740605674,3.22467461142,1.16103822975,0.796227581942,0.953703703704,0.686666666667,0.602968460111,0.722222222222,0.52,0.927643784787,1.11111111111,0.8,c
0.99452401011,1.31166666667,0.828421052632,0.568660488627,0.75,0.473684210526,1.70598146588,2.25,1.42105263158,0.771820856489,0.925882352941,0.6296,0.441320693037,0.529411764706,0.36,1.32396207911,1.58823529412,1.08,0.333333333333,3.68253031235,3.88148462624,1.05402652443,0.776070611311,0.930980392157,0.633066666667,0.588427590716,0.705882352941,0.48,0.931677018634,1.11764705882,0.76,c
0.817142857143,1.11222222222,0.667333333333,0.612244897959,0.833333333333,0.5,1.4693877551,2.0,1.2,0.626212073819,0.741481481481,0.533866666667,0.469189865499,0.555555555556,0.4,1.1260556772,1.33333333333,0.96,0.416666666667,2.59189701615,3.40686280902,1.31442830784,0.766343446982,0.907407407407,0.653333333333,0.563027838599,0.666666666667,0.48,0.938379730998,1.11111111111,0.8,c
0.821325648415,1.10833333333,0.665,0.555784273364,0.75,0.45,1.48209139564,2.0,1.2,0.624804259317,0.95,0.532,0.422799874726,0.642857142857,0.36,1.1274663326,1.71428571429,0.96,0.375,2.55283668962,2.45307188314,0.960920020115,0.760726589414,1.15666666667,0.647733333333,0.563733166301,0.857142857143,0.48,0.939555277169,1.42857142857,0.8,c
0.795819935691,0.942857142857,0.628571428571,0.542604501608,0.642857142857,0.428571428571,1.44694533762,1.71428571429,1.14285714286,0.619524405507,0.733333333333,0.528,0.422403003755,0.5,0.36,1.12640801001,1.33333333333,0.96,0.375,2.7735877113,3.01055544854,1.08543726102,0.778473091364,0.921481481481,0.663466666667,0.657071339174,0.777777777778,0.56,0.985607008761,1.16666666667,0.84,c
1.02315886985,1.47266666667,0.818148148148,0.625289485873,0.9,0.5,1.73691523854,2.5,1.38888888889,0.718140442133,0.981777777778,0.589066666667,0.438881664499,0.6,0.36,1.21911573472,1.66666666667,1.0,0.36,2.58651327311,3.06846310207,1.18633185995,0.70188556567,0.959555555556,0.575733333333,0.487646293888,0.666666666667,0.4,0.877763328999,1.2,0.72,c
0.87466427932,1.18424242424,0.685614035088,0.671441360788,0.909090909091,0.526315789474,1.61145926589,2.18181818182,1.26315789474,0.617767941827,0.766274509804,0.521066666667,0.474233322795,0.588235294118,0.4,1.13815997471,1.41176470588,0.96,0.416666666667,2.0889566274,2.44295299554,1.16946085117,0.706291495416,0.876078431373,0.595733333333,0.521656655074,0.647058823529,0.44,0.90104331331,1.11764705882,0.76,c
0.865022421525,1.286,0.676842105263,0.605381165919,0.9,0.473684210526,1.61434977578,2.4,1.26315789474,0.612964728313,0.756470588235,0.5144,0.428979980934,0.529411764706,0.36,1.14394661582,1.41176470588,0.96,0.375,1.82864558185,2.48427452314,1.35853253785,0.708611375914,0.874509803922,0.594666666667,0.47664442326,0.588235294118,0.4,0.905624404194,1.11764705882,0.76,c
0.83595113438,1.16121212121,0.672280701754,0.65445026178,0.909090909091,0.526315789474,1.57068062827,2.18181818182,1.26315789474,0.605180037903,0.75137254902,0.510933333333,0.473783954517,0.588235294118,0.4,1.13708149084,1.41176470588,0.96,0.416666666667,1.91996612595,2.58216180085,1.34489966565,0.723941882502,0.898823529412,0.6112,0.521162349968,0.647058823529,0.44,0.900189513582,1.11764705882,0.76,c
1.29895776193,1.57866666667,0.92862745098,0.82281952825,1.0,0.588235294118,2.22161272628,2.7,1.58823529412,0.840909090909,1.31555555556,0.544367816092,0.532670454545,0.833333333333,0.344827586207,1.43821022727,2.25,0.931034482759,0.37037037037,3.12790456004,2.72983208721,0.872735096232,0.647372159091,1.01277777778,0.41908045977,0.532670454545,0.833333333333,0.344827586207,0.905539772727,1.41666666667,0.586206896552,c
0.968705547653,1.362,0.716842105263,0.711237553343,1.0,0.526315789474,1.70697012802,2.4,1.26315789474,0.660523763337,0.801176470588,0.5448,0.484966052376,0.588235294118,0.4,1.1639185257,1.41176470588,0.96,0.416666666667,1.74533322163,2.24037908322,1.28363974023,0.681862269641,0.827058823529,0.5624,0.484966052376,0.588235294118,0.4,0.921435499515,1.11764705882,0.76,c
0.946194861852,1.30133333333,0.722962962963,0.727096461464,1.0,0.555555555556,1.74503150751,2.4,1.33333333333,0.639790232711,0.813333333333,0.520533333333,0.491642084562,0.625,0.4,1.17994100295,1.5,0.96,0.416666666667,1.68281845783,1.69295591098,1.00602409196,0.676171746968,0.859583333333,0.550133333333,0.491642084562,0.625,0.4,0.884955752212,1.125,0.72,c
1.0292867265,1.45266666667,0.807037037037,0.708549834672,1.0,0.555555555556,1.70051960321,2.4,1.33333333333,0.715834428384,0.907916666667,0.581066666667,0.492772667543,0.625,0.4,1.1826544021,1.5,0.96,0.416666666667,2.23482166527,2.57026551931,1.15009871223,0.695466491459,0.882083333333,0.564533333333,0.492772667543,0.625,0.4,0.886990801577,1.125,0.72,c
1.02675916749,1.38133333333,0.575555555556,0.743310208127,1.0,0.416666666667,1.7839444995,2.4,1.0,0.730606488011,0.986666666667,0.552533333333,0.528913963329,0.714285714286,0.4,1.26939351199,1.71428571429,0.96,0.416666666667,1.17036338651,1.94649184763,1.66315169294,0.711565585331,0.960952380952,0.538133333333,0.528913963329,0.714285714286,0.4,1.26939351199,1.71428571429,0.96,c
1.05489383739,1.358,0.754444444444,0.776799585707,1.0,0.555555555556,1.8643190057,2.4,1.33333333333,0.664817232376,0.905333333333,0.5432,0.48955613577,0.666666666667,0.4,1.17493472585,1.6,0.96,0.416666666667,1.64314495848,1.83678970964,1.1178500717,0.630221932115,0.858222222222,0.514933333333,0.48955613577,0.666666666667,0.4,0.881201044386,1.2,0.72,c
0.921656911301,1.36466666667,0.568611111111,0.6753714543,1.0,0.416666666667,1.62089149032,2.4,1.0,0.706837016575,0.974761904762,0.545866666667,0.517955801105,0.714285714286,0.4,1.24309392265,1.71428571429,0.96,0.416666666667,0.680956513996,1.36030726144,1.99764189559,0.766919889503,1.05761904762,0.592266666667,0.517955801105,0.714285714286,0.4,1.24309392265,1.71428571429,0.96,c
0.863184994483,1.56466666667,0.57950617284,0.551673409342,1.0,0.37037037037,1.37918352335,2.5,0.925925925926,0.933571996818,1.56466666667,0.539540229885,0.596658711217,1.0,0.344827586207,1.49164677804,2.5,0.862068965517,0.4,0.991585081894,1.51577628732,1.52863966491,1.0815433572,1.81266666667,0.625057471264,0.596658711217,1.0,0.344827586207,1.61097852029,2.7,0.931034482759,c
0.804824561404,1.468,0.611666666667,0.548245614035,1.0,0.416666666667,1.31578947368,2.4,1.0,0.775625220148,1.22333333333,0.5872,0.528355054597,0.833333333333,0.4,1.26805213103,2.0,0.96,0.416666666667,0.733899121703,1.09193548367,1.4878550081,0.963719619584,1.52,0.7296,0.528355054597,0.833333333333,0.4,1.26805213103,2.0,0.96,c
0.924278846154,1.538,0.640833333333,0.540865384615,0.9,0.375,1.44230769231,2.4,1.0,0.894532764637,1.538,0.6152,0.523458704924,0.9,0.36,1.3958898798,2.4,0.96,0.375,0.9127902895,1.00854882667,1.10490748891,0.967816983327,1.664,0.6656,0.581620783249,1.0,0.4,1.3958898798,2.4,0.96,c
0.88010393467,1.7562962963,0.658611111111,0.556792873051,1.11111111111,0.416666666667,1.33630289532,2.66666666667,1.0,0.93163064833,1.58066666667,0.632266666667,0.589390962672,1.0,0.4,1.41453831041,2.4,0.96,0.416666666667,0.973451454075,0.895847456412,0.920279540045,1.05854616896,1.796,0.7184,0.530451866405,0.9,0.36,1.41453831041,2.4,0.96,c
0.927016129032,1.53266666667,0.638611111111,0.54435483871,0.9,0.375,1.45161290323,2.4,1.0,0.842124542125,1.53266666667,0.613066666667,0.494505494505,0.9,0.36,1.31868131868,2.4,0.96,0.375,0.832990739608,1.00622916199,1.20797160658,0.908424908425,1.65333333333,0.661333333333,0.549450549451,1.0,0.4,1.31868131868,2.4,0.96,c
0.908054711246,1.59333333333,0.663888888889,0.56990881459,1.0,0.416666666667,1.36778115502,2.4,1.0,0.976706170821,1.59333333333,0.637333333333,0.6129955047,1.0,0.4,1.47118921128,2.4,0.96,0.416666666667,1.07422761174,0.97799378536,0.910415795191,1.07560277891,1.75466666667,0.701866666667,0.6129955047,1.0,0.4,1.47118921128,2.4,0.96,c
0.979865771812,1.65466666667,0.689444444444,0.592183181998,1.0,0.416666666667,1.42123963679,2.4,1.0,1.02774327122,1.83851851852,0.661866666667,0.621118012422,1.11111111111,0.4,1.49068322981,2.66666666667,0.96,0.416666666667,1.00430706361,1.00454986656,1.00024176167,1.04886128364,1.8762962963,0.675466666667,0.621118012422,1.11111111111,0.4,1.49068322981,2.66666666667,0.96,c
