0.858250276855,1.03333333333,0.775,0.553709856035,0.666666666667,0.5,1.32890365449,1.6,1.2,0.720037163208,0.861111111111,0.645833333333,0.464540105296,0.555555555556,0.416666666667,1.11489625271,1.33333333333,1.0,0.416666666667,4.7430558637,4.58924745386,0.967571874702,0.838959430164,1.00333333333,0.7525,0.696810157944,0.833333333333,0.625,0.929080210592,1.11111111111,0.833333333333,n
0.794203961849,0.962222222222,0.687301587302,0.49523110785,0.6,0.428571428571,1.3206162876,1.6,1.14285714286,0.662079510703,0.759649122807,0.534567901235,0.412844036697,0.473684210526,0.333333333333,1.10091743119,1.26315789474,0.888888888889,0.375,4.47708732971,4.06646174347,0.908282873216,0.833639143731,0.95649122807,0.673086419753,0.688073394495,0.789473684211,0.555555555556,0.963302752294,1.10526315789,0.777777777778,n
0.937523665278,1.83407407407,0.660266666667,0.738356683075,1.44444444444,0.52,1.13593335858,2.22222222222,0.8,1.35969247666,1.65066666667,1.03166666667,1.07084019769,1.3,0.8125,1.64744645799,2.0,1.25,0.65,0.247506207376,0.96422454189,3.89575902808,1.45030203185,1.76066666667,1.10041666667,0.741350906096,0.9,0.5625,2.05930807249,2.5,1.5625,n
1.09531502423,2.00888888889,0.7232,0.908723747981,1.66666666667,0.6,1.33279483037,2.44444444444,0.88,1.37595129376,1.808,1.06352941176,1.14155251142,1.5,0.882352941176,1.67427701674,2.2,1.29411764706,0.681818181818,0.247158382878,0.810870004204,3.28077079467,1.25621511923,1.65066666667,0.970980392157,0.684931506849,0.9,0.529411764706,1.90258751903,2.5,1.47058823529,n
0.839856230032,1.16833333333,0.637272727273,0.539137380192,0.75,0.409090909091,1.43769968051,2.0,1.09090909091,0.660697455231,0.778888888889,0.5608,0.424128180961,0.5,0.36,1.13100848256,1.33333333333,0.96,0.375,3.35488397261,3.47702357596,1.03640650596,0.786679233428,0.927407407407,0.667733333333,0.565504241282,0.666666666667,0.48,1.03675777568,1.22222222222,0.88,n
0.823671497585,1.04923076923,0.682,0.6038647343,0.769230769231,0.5,1.50966183575,1.92307692308,1.25,0.642587939698,0.757777777778,0.568333333333,0.471105527638,0.555555555556,0.416666666667,1.1777638191,1.38888888889,1.04166666667,0.4,3.16107864444,3.35337388066,1.06083215821,0.780150753769,0.92,0.69,0.61243718593,0.722222222222,0.541666666667,0.942211055276,1.11111111111,0.833333333333,n
0.894028305143,1.72666666667,0.719444444444,0.673110113911,1.3,0.541666666667,1.13910942354,2.2,0.916666666667,1.46245059289,1.91851851852,1.07916666667,1.1010728402,1.44444444444,0.8125,1.86335403727,2.44444444444,1.375,0.590909090909,0.363784554541,1.14286061537,3.1415864173,1.63579898363,2.14592592593,1.20708333333,0.846979107849,1.11111111111,0.625,2.03274985884,2.66666666667,1.5,n
0.865213882163,1.29939393939,0.714666666667,0.605326876513,0.909090909091,0.5,1.51331719128,2.27272727273,1.25,0.675275590551,0.794074074074,0.595555555556,0.472440944882,0.555555555556,0.416666666667,1.1811023622,1.38888888889,1.04166666667,0.4,3.11099873431,3.6775868014,1.18212417152,0.780472440945,0.917777777778,0.688333333333,0.51968503937,0.611111111111,0.458333333333,0.944881889764,1.11111111111,0.833333333333,n
0.701257861635,0.991111111111,0.594666666667,0.471698113208,0.666666666667,0.4,1.41509433962,2.0,1.2,0.547743322076,0.792888888889,0.475733333333,0.368437212158,0.533333333333,0.32,1.10531163648,1.6,0.96,0.333333333333,1.63512069741,1.99826851454,1.22209236157,0.781086889776,1.13066666667,0.6784,0.552655818238,0.8,0.48,0.921093030396,1.33333333333,0.8,n
0.938952480055,1.80466666667,0.721866666667,0.780437044745,1.5,0.6,1.14464099896,2.2,0.88,1.43076109937,1.80466666667,1.12791666667,1.18921775899,1.5,0.9375,1.74418604651,2.2,1.375,0.681818181818,0.313918450076,0.926017516555,2.94986649027,1.52378435518,1.922,1.20125,0.792811839323,1.0,0.625,1.98202959831,2.5,1.5625,n
1.03697183099,1.42787878788,0.785333333333,0.660211267606,0.909090909091,0.5,1.65052816901,2.27272727273,1.25,0.770942408377,0.923921568627,0.654444444444,0.490837696335,0.588235294118,0.416666666667,1.22709424084,1.47058823529,1.04166666667,0.4,3.25067484839,3.98895212647,1.22711507995,0.743455497382,0.890980392157,0.631111111111,0.539921465969,0.647058823529,0.458333333333,0.98167539267,1.17647058824,0.833333333333,n
0.8928098809,1.34933333333,0.710175438596,0.661667401853,1.0,0.526315789474,1.65416850463,2.5,1.31578947368,0.647472808701,0.793725490196,0.562222222222,0.479846449136,0.588235294118,0.416666666667,1.19961612284,1.47058823529,1.04166666667,0.4,2.25751730743,2.9377208421,1.301306011,0.725207933461,0.889019607843,0.629722222222,0.479846449136,0.588235294118,0.416666666667,0.911708253359,1.11764705882,0.791666666667,n
0.979100408905,1.43666666667,0.756140350877,0.613357564743,0.9,0.473684210526,1.63562017265,2.4,1.26315789474,0.703099510604,0.845098039216,0.598611111111,0.440456769984,0.529411764706,0.375,1.17455138662,1.41176470588,1.0,0.375,2.80435624852,3.27731742529,1.1686523162,0.71810766721,0.863137254902,0.611388888889,0.489396411093,0.588235294118,0.416666666667,0.929853181077,1.11764705882,0.791666666667,n
1.3024691358,1.87555555556,0.992941176471,0.771604938272,1.11111111111,0.588235294118,1.85185185185,2.66666666667,1.41176470588,0.87250172295,1.12533333333,0.733913043478,0.516884906961,0.666666666667,0.434782608696,1.24052377671,1.6,1.04347826087,0.416666666667,2.90859483228,3.20741745687,1.10273779671,0.669882839421,0.864,0.56347826087,0.465196416265,0.6,0.391304347826,0.878704341833,1.13333333333,0.739130434783,n
0.898986596927,1.83333333333,0.763888888889,0.735534488395,1.5,0.625,1.07878391631,2.2,0.916666666667,1.4880952381,2.03703703704,1.07843137255,1.21753246753,1.66666666667,0.882352941176,1.78571428571,2.44444444444,1.29411764706,0.681818181818,0.424617289485,0.917303170332,2.16030574602,1.6553030303,2.26592592593,1.19960784314,0.811688311688,1.11111111111,0.588235294118,1.94805194805,2.66666666667,1.41176470588,n
1.08858780615,1.54740740741,0.773703703704,0.78165711308,1.11111111111,0.555555555556,1.87597707139,2.66666666667,1.33333333333,0.698428619191,0.870416666667,0.580277777778,0.501504513541,0.625,0.416666666667,1.2036108325,1.5,1.0,0.416666666667,2.27218160128,2.47322592402,1.08848074583,0.64159144099,0.799583333333,0.533055555556,0.451354062187,0.5625,0.375,0.902708124373,1.125,0.75,n
1.01544269046,2.19185185185,0.821944444444,0.823610157859,1.77777777778,0.666666666667,1.23541523679,2.66666666667,1.0,1.51821446896,1.97266666667,1.09592592593,1.23140071832,1.6,0.888888888889,1.84710107748,2.4,1.33333333333,0.666666666667,0.422371856754,0.945480894867,2.23850353604,1.49512570549,1.94266666667,1.07925925926,0.692662904053,0.9,0.5,1.84710107748,2.4,1.33333333333,n
1.02272727273,2.87142857143,0.744444444444,0.50881953867,1.42857142857,0.37037037037,1.27204884668,3.57142857143,0.925925925926,1.47504892368,2.01,1.05789473684,0.73385518591,1.0,0.526315789474,1.83463796477,2.5,1.31578947368,0.4,0.71455528309,1.3147187567,1.83991188339,1.44227005871,1.96533333333,1.03438596491,0.513698630137,0.7,0.368421052632,1.98140900196,2.7,1.42105263158,n
0.93030104712,1.26355555556,0.758133333333,0.736256544503,1.0,0.6,1.12892670157,1.53333333333,0.92,1.47918834547,1.89533333333,0.789722222222,1.17065556712,1.5,0.625,1.79500520291,2.3,0.958333333333,0.652173913043,0.91656941948,0.640796879453,0.699125309916,1.59001040583,2.03733333333,0.848888888889,1.17065556712,1.5,0.625,1.95109261186,2.5,1.04166666667,n
1.10512597741,1.696,0.6784,0.651607298002,1.0,0.4,1.629018245,2.5,1.0,0.985664471135,1.41333333333,0.770909090909,0.581170089113,0.833333333333,0.454545454545,1.45292522278,2.08333333333,1.13636363636,0.4,0.990173357855,2.50191935746,2.52674881384,0.891902363425,1.27888888889,0.697575757576,0.581170089113,0.833333333333,0.454545454545,1.45292522278,2.08333333333,1.13636363636,n
1.1908734053,1.79777777778,0.851578947368,0.736015701668,1.11111111111,0.526315789474,1.61923454367,2.44444444444,1.15789473684,0.862473347548,1.79777777778,0.6472,0.533049040512,1.11111111111,0.4,1.17270788913,2.44444444444,0.88,0.454545454545,1.02716295851,0.57727850361,0.562012579239,0.724235963042,1.50962962963,0.543466666667,0.479744136461,1.0,0.36,1.01279317697,2.11111111111,0.76,n
0.872036262204,1.66733333333,0.694722222222,0.523012552301,1.0,0.416666666667,1.25523012552,2.4,1.0,1.16271501627,1.66733333333,0.793968253968,0.697350069735,1.0,0.47619047619,1.67364016736,2.4,1.14285714286,0.416666666667,1.7109658006,1.65457337888,0.967040590934,1.33333333333,1.912,0.910476190476,0.697350069735,1.0,0.47619047619,1.67364016736,2.4,1.14285714286,n
1.03396072013,1.87185185185,0.732463768116,0.613747954173,1.11111111111,0.434782608696,1.47299509002,2.66666666667,1.04347826087,1.17099165894,1.68466666667,0.673866666667,0.695088044486,1.0,0.4,1.66821130677,2.4,0.96,0.416666666667,1.25844774558,1.414270919,1.12382172717,1.13253012048,1.62933333333,0.651733333333,0.625579240037,0.9,0.36,1.59870250232,2.3,0.92,n
0.991379310345,1.61,0.670833333333,0.554187192118,0.9,0.375,1.47783251232,2.4,1.0,0.929561200924,1.61,0.644,0.519630484988,0.9,0.36,1.3856812933,2.4,0.96,0.375,1.02886813658,0.912340902306,0.88674230435,0.937644341801,1.624,0.6496,0.577367205543,1.0,0.4,1.3856812933,2.4,0.96,n
1.04456824513,1.75,0.729166666667,0.596896140072,1.0,0.416666666667,1.43255073617,2.4,1.0,0.999238675295,1.94444444444,0.729166666667,0.57099352874,1.11111111111,0.416666666667,1.37038446898,2.66666666667,1.0,0.416666666667,0.744650267148,0.82743286132,1.11116976361,0.956604491816,1.86148148148,0.698055555556,0.57099352874,1.11111111111,0.416666666667,1.37038446898,2.66666666667,1.0,n
1.07998324958,1.71933333333,0.716388888889,0.565326633166,0.9,0.375,1.50753768844,2.4,1.0,1.09511677282,1.71933333333,0.716388888889,0.573248407643,0.9,0.375,1.52866242038,2.4,1.0,0.375,1.09062053195,1.05144686072,0.964081300424,1.01401273885,1.592,0.663333333333,0.636942675159,1.0,0.416666666667,1.52866242038,2.4,1.0,n
0.935094339623,1.652,0.688333333333,0.566037735849,1.0,0.416666666667,1.35849056604,2.4,1.0,0.917098445596,1.652,0.688333333333,0.555144337528,1.0,0.416666666667,1.33234641007,2.4,1.0,0.416666666667,1.05486219871,1.06191672101,1.00668762451,0.980754996299,1.76666666667,0.736111111111,0.555144337528,1.0,0.416666666667,1.33234641007,2.4,1.0,n
1.6904043452,2.07481481481,1.33380952381,1.4484007242,1.77777777778,1.14285714286,1.99155099578,2.44444444444,1.57142857143,1.24988844266,1.55611111111,1.03740740741,1.07095046854,1.33333333333,0.888888888889,1.47255689424,1.83333333333,1.22222222222,0.727272727273,1.3151696004,0.962600461747,0.73192116169,0.739402052655,0.920555555556,0.613703703704,0.602409638554,0.75,0.5,0.937081659973,1.16666666667,0.777777777778,n
